0,6.45289e-05,-0.0081255,0.0820972,0.997772,-0.0210025,0.061449,-0.0152781
1,3.45204e-05,-0.00820383,0.0821099,0.997744,-0.0208777,0.0618627,-0.0156295
2,2.68055e-05,-0.00816576,0.0821409,0.997735,-0.0208554,0.0620881,-0.0153265
3,0.000214955,-0.00828498,0.0822608,0.99778,-0.0208544,0.061166,-0.0160658
4,0.000277507,-0.00827101,0.0823425,0.997797,-0.0208759,0.0608983,-0.0160414
5,0.000197471,-0.00818684,0.0823113,0.997768,-0.0208638,0.0615084,-0.015521
6,0.000292982,-0.00834403,0.0823865,0.997793,-0.020696,0.0609571,-0.0162843
7,0.000290658,-0.00839793,0.0823975,0.997788,-0.0207022,0.0609462,-0.016594
8,0.000279149,-0.00840545,0.0824118,0.997785,-0.0206852,0.0610048,-0.0166148
9,0.000179926,-0.00842265,0.0824044,0.997748,-0.0206358,0.0615722,-0.0167907
10,0.000214078,-0.0083634,0.082466,0.997774,-0.0205963,0.06126,-0.0164548
11,0.000272102,-0.00840921,0.0825309,0.997803,-0.0204761,0.0607755,-0.0166433
12,0.000183202,-0.00840942,0.0824985,0.997772,-0.0204351,0.0613279,-0.016531
13,0.000171078,-0.00854272,0.0825344,0.997763,-0.0204096,0.0612643,-0.0173019
14,0.000152436,-0.00855007,0.0825592,0.99777,-0.0203837,0.0611765,-0.0172093
15,0.000101933,-0.00850145,0.0825477,0.99777,-0.0203982,0.0612837,-0.0168487
16,8.69138e-05,-0.0086341,0.0826599,0.997773,-0.020363,0.0610547,-0.0175074
17,0.000110272,-0.00857255,0.0826819,0.997795,-0.020411,0.0607857,-0.0171406
18,4.49022e-05,-0.00871689,0.0827655,0.997782,-0.0200648,0.0608919,-0.0178951
19,3.36662e-05,-0.00875249,0.0828373,0.997781,-0.0201139,0.0608054,-0.0182066
20,1.12787e-06,-0.00873025,0.0828788,0.997777,-0.0201164,0.0608925,-0.0181287
21,-1.63539e-06,-0.0086916,0.082974,0.997789,-0.0200349,0.0607779,-0.0179521
22,-0.000103311,-0.0086977,0.0829998,0.997752,-0.0200238,0.061343,-0.0180781
23,-9.97444e-05,-0.00869724,0.0830515,0.997753,-0.0199851,0.0613523,-0.0180161
24,-2.11475e-05,-0.00871637,0.0831295,0.997784,-0.0198917,0.0608791,-0.018017
25,6.21729e-05,-0.00881007,0.0831505,0.997806,-0.0198894,0.0604119,-0.0184033
26,-3.9955e-05,-0.00883534,0.0831426,0.99777,-0.0198042,0.061032,-0.0183684
27,6.7655e-05,-0.00892679,0.0832093,0.997806,-0.0198356,0.0603433,-0.0186865
28,-7.55052e-05,-0.00892231,0.0831321,0.99776,-0.0197583,0.0611852,-0.0184395
29,-2.8651e-05,-0.00908141,0.0831782,0.997776,-0.019704,0.0607225,-0.0191807
30,-9.64726e-05,-0.00904609,0.083142,0.997774,-0.019679,0.0609199,-0.0186878
31,-5.5994e-05,-0.00918088,0.0831509,0.997793,-0.0197005,0.0604381,-0.0191849
32,-9.09152e-05,-0.00916791,0.0831457,0.997808,-0.0196463,0.0603329,-0.0188035
33,-0.000192471,-0.00920232,0.0831058,0.997787,-0.0195397,0.0607086,-0.018783
34,-0.000293149,-0.00920268,0.0830431,0.997762,-0.019595,0.0611567,-0.0186475
35,-0.000270481,-0.00934452,0.083099,0.997769,-0.0196208,0.0608227,-0.0193144
36,-0.000212346,-0.00937209,0.0831576,0.997793,-0.0196052,0.0604559,-0.0192123
37,-0.000213768,-0.00945199,0.0831879,0.997787,-0.019486,0.0605278,-0.0194362
38,-0.000183587,-0.0095258,0.0832344,0.997789,-0.0194884,0.060436,-0.0196387
39,-0.000163887,-0.009516,0.0832779,0.997795,-0.0195102,0.0604397,-0.0192788
40,-0.00014449,-0.00953552,0.0832941,0.997804,-0.0194547,0.0604019,-0.0189816
41,-0.000128629,-0.00976925,0.083313,0.997791,-0.0194391,0.0603158,-0.0199067
42,-5.63829e-05,-0.00992654,0.0833432,0.997807,-0.0194722,0.0599315,-0.0202339
43,-1.38518e-05,-0.010008,0.0833702,0.997823,-0.0194745,0.0597173,-0.0200763
44,4.60995e-05,-0.0100316,0.0833672,0.997854,-0.0193334,0.0594615,-0.019425
45,9.00038e-05,-0.0102369,0.0834026,0.997845,-0.0195232,0.0593818,-0.019967
46,0.000177766,-0.0101795,0.0833962,0.997883,-0.0195718,0.0590437,-0.0189771
47,0.000210555,-0.0105385,0.0834304,0.997868,-0.0195162,0.0588877,-0.0202765
48,0.000349525,-0.0106398,0.0835071,0.997924,-0.0194887,0.0580867,-0.0198498
49,0.000354504,-0.0107977,0.0835084,0.997923,-0.0195168,0.0581267,-0.0197749
50,0.000353328,-0.0109668,0.0835071,0.997926,-0.0195096,0.0581017,-0.019673
51,0.000362094,-0.0111049,0.0835157,0.997934,-0.0196496,0.058005,-0.0193941
52,0.000372624,-0.011379,0.0835128,0.997932,-0.0195816,0.0579403,-0.0197733
53,0.000404255,-0.0115484,0.0835418,0.997948,-0.0196556,0.0576878,-0.019644
54,0.000477274,-0.0117022,0.0836338,0.997987,-0.0196151,0.0571209,-0.0193446
55,0.000414179,-0.0121318,0.0836258,0.997937,-0.0197324,0.0574764,-0.020688
56,0.000519603,-0.0122057,0.0837216,0.997997,-0.0197645,0.0567022,-0.019891
57,0.000522601,-0.0129565,0.0837479,0.997941,-0.019963,0.0564256,-0.023039
58,0.000480224,-0.0126861,0.0837591,0.99801,-0.0196881,0.0564568,-0.0200169
59,0.00058845,-0.0134318,0.0838435,0.997983,-0.0201532,0.0555856,-0.0230985
60,0.000606057,-0.0137585,0.0838942,0.997987,-0.0201006,0.0553427,-0.0235735
61,0.000639807,-0.0139968,0.0839274,0.998003,-0.0201156,0.0550713,-0.0234919
62,0.000638082,-0.0142742,0.08391,0.997995,-0.0201108,0.0551585,-0.0236464
63,0.000661728,-0.0145472,0.0839257,0.997992,-0.0202136,0.0550988,-0.0238409
64,0.000753534,-0.014756,0.08395,0.998015,-0.0202129,0.0547197,-0.0237123
65,0.000759624,-0.0149659,0.083919,0.998004,-0.0202854,0.0549039,-0.0237169
66,0.000789742,-0.0152169,0.0839398,0.998003,-0.0202899,0.0548154,-0.0239623
67,0.000823408,-0.0153646,0.0839413,0.998009,-0.0204704,0.0547794,-0.0236313
68,0.000873738,-0.01559,0.0839704,0.998028,-0.020476,0.0543589,-0.0237811
69,0.000710377,-0.0158388,0.0838836,0.99798,-0.0205638,0.055096,-0.0240383
70,0.000635525,-0.0160473,0.0838883,0.997986,-0.0205433,0.05499,-0.0240408
71,0.000488968,-0.0161479,0.0838319,0.997978,-0.0206521,0.0553147,-0.0235416
72,0.000350248,-0.016371,0.0838084,0.997959,-0.0206024,0.0555788,-0.0237357
73,0.000292676,-0.0164046,0.0837842,0.997983,-0.0206885,0.0554414,-0.0229617
74,0.000242429,-0.0165982,0.0838115,0.997988,-0.0207497,0.0552625,-0.0231598
75,0.000111857,-0.0167842,0.0837812,0.997962,-0.0208426,0.0555758,-0.0234094
76,7.42779e-05,-0.0169874,0.0837927,0.997977,-0.0209072,0.0551948,-0.0236271
77,1.94327e-05,-0.017169,0.0838083,0.997991,-0.0210022,0.0548869,-0.0236554
78,2.11869e-05,-0.0173661,0.0838541,0.99803,-0.0210607,0.0541755,-0.0236284
79,-1.14946e-06,-0.0175614,0.0838767,0.998058,-0.0211164,0.053649,-0.0235804
80,-2.16927e-05,-0.0178668,0.0838809,0.998063,-0.0212046,0.0532719,-0.0241382
81,4.09765e-05,-0.0179238,0.0839454,0.998123,-0.0212018,0.0525753,-0.0231576
82,8.94093e-05,-0.0181255,0.0839602,0.998145,-0.0212935,0.0521645,-0.023061
83,8.74491e-05,-0.0184462,0.0839647,0.998135,-0.0212699,0.0521187,-0.0236152
84,0.000212113,-0.0186894,0.0840175,0.998171,-0.0212566,0.0513847,-0.0237098
85,0.000180101,-0.018851,0.0839737,0.998162,-0.0213524,0.051673,-0.023382
86,0.000215833,-0.0191953,0.084,0.998155,-0.0214975,0.0514151,-0.0241128
87,0.000280051,-0.0193682,0.0840039,0.998176,-0.0215322,0.0511519,-0.0237757
88,0.000266005,-0.0196048,0.0840076,0.99817,-0.0216297,0.0512055,-0.0237872
89,0.000256171,-0.0198564,0.0839849,0.998165,-0.0216787,0.0512459,-0.0239052
90,0.000239393,-0.0200489,0.0839666,0.998168,-0.0216734,0.0512744,-0.023717
91,0.000201199,-0.0202601,0.0839457,0.998155,-0.0217093,0.051507,-0.0236997
92,7.76196e-05,-0.0202696,0.0839461,0.998134,-0.021842,0.0523728,-0.0225431
93,2.08071e-05,-0.0204016,0.0839248,0.998121,-0.0218527,0.0528153,-0.0220727
94,0.000106285,-0.0207141,0.0839683,0.998134,-0.02189,0.0523066,-0.0226629
95,0.000119932,-0.0208567,0.0840211,0.998151,-0.0219008,0.0520902,-0.0223788
96,-2.15201e-05,-0.02103,0.0838883,0.9981,-0.022019,0.053106,-0.0221711
97,5.76554e-05,-0.0212041,0.0839417,0.998128,-0.022076,0.0526503,-0.0219261
98,7.06352e-05,-0.0214109,0.0839119,0.998122,-0.0221207,0.0527405,-0.0219298
99,7.41489e-05,-0.0215641,0.0839291,0.998124,-0.0221987,0.0528093,-0.0216287
100,0.000206316,-0.0217833,0.0840048,0.998158,-0.0222545,0.0520901,-0.0217173
101,0.000156701,-0.0220096,0.0839845,0.998127,-0.0222881,0.0525937,-0.0218974
102,0.000196272,-0.0221476,0.0840258,0.998135,-0.0224048,0.0525146,-0.021624
103,0.000208628,-0.0223827,0.0840669,0.998126,-0.0224251,0.0525401,-0.0219277
104,0.000252323,-0.0225457,0.0841265,0.998131,-0.0224357,0.0525179,-0.0217574
105,0.000443433,-0.0227212,0.0842467,0.998177,-0.022584,0.0516205,-0.021648
106,0.000453409,-0.0229595,0.0842732,0.99816,-0.0226253,0.0518043,-0.0219317
107,0.000590511,-0.0232018,0.0843966,0.99819,-0.0225879,0.051152,-0.0221301
108,0.000575136,-0.0233818,0.0844114,0.99817,-0.0226182,0.0515979,-0.02197
109,0.000698626,-0.0237349,0.0844839,0.998174,-0.0226499,0.0511844,-0.0227318
110,0.000825226,-0.0238433,0.0844637,0.998203,-0.0226919,0.0508262,-0.0222024
111,0.000913593,-0.0240947,0.0844817,0.998206,-0.0228002,0.050594,-0.0224545
112,0.000827143,-0.0242767,0.0843754,0.998155,-0.0228412,0.0515994,-0.0224233
113,0.0010101,-0.0244399,0.0844479,0.998193,-0.0228912,0.0509158,-0.0222538
114,0.00108889,-0.0247046,0.0844811,0.998186,-0.0229041,0.0508604,-0.0226761
115,0.00117489,-0.0249127,0.0845079,0.998187,-0.0229684,0.0507364,-0.0228101
116,0.00116431,-0.0250618,0.0844694,0.998168,-0.0230456,0.051146,-0.0226428
117,0.00130322,-0.0252451,0.0845131,0.998198,-0.0231386,0.050528,-0.0226375
118,0.00128247,-0.0254494,0.084484,0.998179,-0.0230968,0.0508999,-0.022667
119,0.00135666,-0.0256323,0.0845229,0.998188,-0.0232218,0.0506828,-0.0226357
120,0.00141349,-0.0258584,0.0845567,0.998189,-0.0232924,0.0505317,-0.0228625
121,0.00148916,-0.0260372,0.0846052,0.998202,-0.0233084,0.0502803,-0.0228251
122,0.00149863,-0.0262012,0.0846334,0.998197,-0.0233557,0.0504168,-0.0227143
123,0.00161412,-0.026379,0.0846798,0.998214,-0.0234713,0.0500376,-0.0226869
124,0.00155443,-0.0264364,0.084687,0.998194,-0.0235639,0.0506577,-0.0220616
125,0.00164052,-0.0266761,0.084765,0.998198,-0.0236297,0.0503711,-0.0224703
126,0.00165158,-0.0268847,0.0847911,0.998183,-0.023587,0.0506094,-0.0226632
127,0.00167365,-0.02711,0.084853,0.99817,-0.0237297,0.0506343,-0.022995
128,0.00183026,-0.0273182,0.0849765,0.998214,-0.0237393,0.0497206,-0.0230738
129,0.00189492,-0.0273941,0.0850549,0.998243,-0.0238839,0.0494027,-0.0223693
130,0.00192499,-0.0276451,0.0850937,0.998245,-0.023906,0.0492392,-0.0225817
131,0.00189125,-0.0279477,0.0850909,0.998228,-0.0239765,0.0493559,-0.0230335
132,0.0019205,-0.0281934,0.0850902,0.998236,-0.0240192,0.0491049,-0.0231678
133,0.00187416,-0.0283394,0.0850739,0.998236,-0.0240244,0.0492979,-0.0227643
134,0.00196288,-0.0285267,0.0851194,0.99826,-0.0242103,0.0487969,-0.0225808
135,0.00206065,-0.0287968,0.0851814,0.998277,-0.024258,0.0483107,-0.0228069
136,0.00210934,-0.0291318,0.0851758,0.998264,-0.0243419,0.0482734,-0.0233823
137,0.00217727,-0.0293016,0.0852027,0.99828,-0.0244031,0.0481146,-0.0229408
138,0.00225421,-0.0296157,0.0852106,0.998287,-0.0244685,0.0477905,-0.0232523
139,0.00236089,-0.0298925,0.0852301,0.998301,-0.0245603,0.0473693,-0.0233948
140,0.00240615,-0.0301593,0.0852108,0.998305,-0.0244414,0.0473441,-0.0234308
141,0.00246218,-0.0302789,0.0851598,0.998312,-0.0246126,0.0474106,-0.0228015
142,0.00252146,-0.0303216,0.0851315,0.998329,-0.0248506,0.0473541,-0.0218698
143,0.00260392,-0.0305447,0.0851215,0.998339,-0.0248717,0.0471115,-0.0219452
144,0.00255449,-0.0308455,0.085048,0.998294,-0.024939,0.0477266,-0.022586
145,0.00262377,-0.0310389,0.0850832,0.998299,-0.0250098,0.0476106,-0.0225125
146,0.00282988,-0.0311492,0.0851649,0.998351,-0.0250659,0.0467123,-0.0220264
147,0.00280193,-0.0312636,0.0850877,0.998336,-0.0250563,0.047252,-0.0215484
148,0.00283998,-0.0315112,0.0849983,0.998315,-0.0252495,0.0473743,-0.0220339
149,0.0028561,-0.0316485,0.0849105,0.9983,-0.0253982,0.0476505,-0.0219276
150,0.00297418,-0.0318223,0.0848993,0.998313,-0.0254788,0.0473172,-0.0219803
151,0.00307597,-0.0319716,0.0848758,0.99832,-0.0256023,0.0471229,-0.0219228
152,0.00308036,-0.0321505,0.0848294,0.998304,-0.0256831,0.047378,-0.0220081
153,0.00306122,-0.0322448,0.084777,0.9983,-0.0257393,0.0476083,-0.0216274
154,0.0030949,-0.0323833,0.0847778,0.998304,-0.0259056,0.0474496,-0.021593
155,0.00303264,-0.0324581,0.0847433,0.998287,-0.0260002,0.0479098,-0.0212715
156,0.00308442,-0.0324689,0.0847926,0.998317,-0.0260241,0.0475673,-0.0205881
157,0.00303166,-0.0327086,0.0847664,0.998279,-0.0261751,0.0478945,-0.0214469
158,0.0030266,-0.0327734,0.0847995,0.998277,-0.0262708,0.0479354,-0.0213537
159,0.00305396,-0.0328793,0.0848755,0.998276,-0.0264506,0.0477574,-0.0215439
160,0.00298229,-0.0329305,0.0848729,0.998255,-0.0265138,0.0482173,-0.0214087
161,0.00296441,-0.0331032,0.0849065,0.998237,-0.0266616,0.0482239,-0.0220514
162,0.00291521,-0.0330568,0.084936,0.998239,-0.0267059,0.0484425,-0.0214088
163,0.00298179,-0.0332425,0.0850067,0.998241,-0.0268154,0.048051,-0.0220705
164,0.00303664,-0.0332447,0.0850678,0.998261,-0.0268893,0.0478043,-0.0216122
165,0.00303642,-0.0332757,0.0851054,0.998263,-0.0269293,0.0478694,-0.0213224
166,0.00311135,-0.0333379,0.0851818,0.998283,-0.0270104,0.0475075,-0.0211013
167,0.00319211,-0.0336041,0.0852579,0.998281,-0.0270706,0.0470972,-0.0219884
168,0.00323337,-0.0336548,0.0853095,0.998291,-0.0272063,0.0470171,-0.0215679
169,0.00332668,-0.0335855,0.0853658,0.998335,-0.02721,0.0465712,-0.0204518
170,0.00332275,-0.0338925,0.0853805,0.998313,-0.0272635,0.0465506,-0.0214456
171,0.00336134,-0.0342475,0.0854189,0.998293,-0.0274176,0.0463374,-0.0226482
172,0.00348511,-0.0342587,0.0854766,0.998335,-0.0274747,0.045819,-0.0217263
173,0.00355011,-0.0345597,0.0854618,0.998327,-0.0274977,0.045703,-0.022345
174,0.00367814,-0.0347233,0.0854549,0.99835,-0.0275717,0.0452173,-0.0222075
175,0.00373683,-0.0349613,0.0853972,0.998344,-0.0276302,0.0451673,-0.0224938
176,0.00378247,-0.0352704,0.0853445,0.998322,-0.0278567,0.0451341,-0.0232505
177,0.00384089,-0.0352834,0.0852902,0.99835,-0.0278699,0.0450376,-0.0221896
178,0.00386655,-0.0353542,0.0852146,0.998367,-0.0278238,0.0450231,-0.021487
179,0.00377157,-0.0356816,0.0851262,0.998318,-0.0279691,0.0455523,-0.0224295
180,0.00397238,-0.0356581,0.0852039,0.998394,-0.0280711,0.0443998,-0.0212029
181,0.00396844,-0.0360202,0.0851291,0.998364,-0.0281127,0.0445665,-0.0222116
182,0.0040089,-0.036004,0.0851288,0.998396,-0.0281966,0.0443199,-0.0211034
183,0.00395609,-0.0361534,0.0850634,0.998385,-0.0282834,0.0445502,-0.0210298
184,0.00397076,-0.0363166,0.0850467,0.998389,-0.0282731,0.0445266,-0.0209301
185,0.0039845,-0.0365162,0.0850183,0.998373,-0.0282959,0.0447941,-0.0210701
186,0.00404743,-0.0365571,0.0849847,0.998381,-0.0283384,0.0449039,-0.02039
187,0.00403929,-0.0366966,0.0849614,0.998366,-0.0284358,0.0451721,-0.0204129
188,0.00411392,-0.0367982,0.0850022,0.998381,-0.0285091,0.0448827,-0.020196
189,0.00419141,-0.0369398,0.0850387,0.998395,-0.0283921,0.0446986,-0.0200628
190,0.00422838,-0.0371217,0.0850197,0.998385,-0.0283864,0.0448618,-0.0202354
191,0.00439314,-0.0372762,0.0850764,0.998417,-0.0284758,0.0441198,-0.0201674
192,0.00440207,-0.0373923,0.0850632,0.998418,-0.0285125,0.0441844,-0.0199289
193,0.00449672,-0.0376603,0.0850936,0.998431,-0.0285209,0.0436229,-0.0204703
194,0.00458893,-0.0378433,0.0851467,0.998454,-0.0285347,0.0430999,-0.0204273
195,0.00453898,-0.0378719,0.0850961,0.998451,-0.0285609,0.0435739,-0.0195329
196,0.00454175,-0.0381019,0.0850773,0.998448,-0.0285897,0.0434899,-0.0198029
197,0.00452678,-0.0382158,0.0850431,0.998456,-0.0285884,0.0434548,-0.0195176
198,0.0045727,-0.0382972,0.0850524,0.998481,-0.0285918,0.0430842,-0.0190472
199,0.00458026,-0.0384484,0.0850241,0.998479,-0.0285781,0.0431726,-0.0189705
200,0.00464276,-0.0386311,0.0850344,0.998484,-0.0285127,0.0430368,-0.019116
201,0.00465226,-0.0387175,0.0850843,0.998486,-0.0285248,0.0431549,-0.018726
202,0.00466611,-0.0387753,0.0851012,0.998484,-0.0286068,0.0433373,-0.0182535
203,0.00447908,-0.0389938,0.0850373,0.998413,-0.0285658,0.0447923,-0.0186967
204,0.0048059,-0.0390546,0.0851594,0.998488,-0.028589,0.0433355,-0.0180738
205,0.00497225,-0.0392548,0.0851518,0.998497,-0.0285898,0.0429789,-0.0184366
206,0.00499132,-0.0393294,0.085155,0.99848,-0.0285929,0.0434676,-0.0181671
207,0.00519155,-0.0393385,0.0851853,0.998509,-0.0285986,0.0430516,-0.0175508
208,0.00519902,-0.0393731,0.0851573,0.998484,-0.0285955,0.0437632,-0.0172181
209,0.00543303,-0.0394496,0.0852153,0.998519,-0.0286016,0.0429931,-0.017127
210,0.0055094,-0.039618,0.0852176,0.99851,-0.028609,0.0430679,-0.0174369
211,0.00564129,-0.0397444,0.085224,0.99852,-0.0286128,0.0427916,-0.0175554
212,0.00567655,-0.0398721,0.0852201,0.998509,-0.0286379,0.0430038,-0.0176184
213,0.00581576,-0.0399053,0.0852445,0.998533,-0.0286302,0.0426605,-0.0171039
214,0.00598043,-0.0400966,0.0852867,0.998552,-0.0285549,0.0421117,-0.0174475
215,0.00596644,-0.0401449,0.0852861,0.998537,-0.0285396,0.0426733,-0.0169933
216,0.00613041,-0.0402239,0.0853308,0.998563,-0.0284667,0.0422198,-0.016735
217,0.00623463,-0.0401454,0.0853585,0.998581,-0.0284102,0.0422304,-0.0156818
218,0.00624928,-0.0403897,0.0853259,0.998543,-0.0285314,0.0427056,-0.0165702
219,0.00635107,-0.0404911,0.0853572,0.998545,-0.0285162,0.0426248,-0.0166698
220,0.00680927,-0.0403503,0.0855298,0.998661,-0.028269,0.0405541,-0.0152408
221,0.00661036,-0.0406824,0.0854462,0.998564,-0.0284384,0.0421578,-0.016831
222,0.00671043,-0.0406446,0.0854881,0.998583,-0.0284003,0.0419691,-0.0162715
223,0.00682616,-0.0408205,0.0854844,0.99859,-0.0283976,0.0415334,-0.0169127
224,0.00686338,-0.0408125,0.0854691,0.998598,-0.0283807,0.0415431,-0.0164751
225,0.00688144,-0.0408335,0.0854549,0.998606,-0.0282108,0.0416018,-0.0161013
226,0.00705529,-0.0409216,0.085495,0.998639,-0.0281916,0.0407913,-0.0161563
227,0.0071134,-0.0409351,0.0854959,0.998647,-0.0281733,0.0407822,-0.015741
228,0.00710239,-0.0410682,0.0854565,0.998624,-0.0281456,0.041248,-0.016025
229,0.00722758,-0.0411009,0.0854731,0.998639,-0.0280781,0.0410468,-0.0157255
230,0.00731488,-0.0411963,0.0854552,0.998629,-0.0280695,0.0412253,-0.0158715
231,0.00756336,-0.0412134,0.0855071,0.998664,-0.0279883,0.0405642,-0.0155678
232,0.00754413,-0.0411977,0.0854805,0.998628,-0.0279576,0.0416051,-0.0151703
233,0.00780132,-0.041131,0.0855818,0.998663,-0.027856,0.0410502,-0.0145607
234,0.00788514,-0.0411083,0.0856158,0.998643,-0.0279009,0.0415779,-0.0143049
235,0.00806062,-0.0410992,0.0856666,0.998643,-0.02782,0.0417155,-0.0141021
236,0.00828405,-0.0410577,0.0857431,0.998654,-0.027718,0.041659,-0.0136865
237,0.00855112,-0.0411463,0.0858003,0.998663,-0.0276577,0.0414011,-0.0139286
238,0.00875748,-0.0412129,0.0857949,0.998656,-0.0275025,0.041634,-0.0140022
239,0.00901387,-0.041199,0.0858266,0.998665,-0.0274145,0.0416538,-0.0134981
240,0.00936638,-0.0411356,0.0858204,0.998696,-0.0273379,0.0412024,-0.0127346
241,0.00972279,-0.0412548,0.0857999,0.998711,-0.0272869,0.0407969,-0.0129284
242,0.00994195,-0.0413547,0.0856997,0.998695,-0.0271739,0.0412357,-0.0130232
243,0.0101659,-0.0414166,0.085628,0.998679,-0.0270945,0.0416951,-0.0129842
244,0.0106137,-0.0414135,0.0856253,0.998718,-0.0270483,0.0409003,-0.0125684
245,0.0109183,-0.0414321,0.0855997,0.998725,-0.0268941,0.0409199,-0.0122839
246,0.0113013,-0.0415476,0.0855459,0.998739,-0.0269095,0.0404559,-0.01261
247,0.011525,-0.0414874,0.0855162,0.998732,-0.0269133,0.0408259,-0.0119994
248,0.011797,-0.0416109,0.0855126,0.998727,-0.0268012,0.0408871,-0.0124483
249,0.0121559,-0.0415593,0.0855511,0.998756,-0.0266333,0.0404691,-0.0118149
250,0.0123969,-0.0415946,0.0855138,0.998749,-0.0265883,0.0406749,-0.0117513
251,0.0127178,-0.0416761,0.0855058,0.998763,-0.0264187,0.0404027,-0.0119446
252,0.0130264,-0.0416514,0.0855379,0.998771,-0.0264291,0.0403022,-0.0115215
253,0.0132994,-0.0417096,0.0855393,0.998762,-0.0263383,0.0405915,-0.0115658
254,0.0136161,-0.0416557,0.0855676,0.998765,-0.0262561,0.0407057,-0.0110083
255,0.0139455,-0.0416444,0.0855939,0.998768,-0.0261224,0.0408185,-0.0106761
256,0.0143507,-0.0415747,0.0856461,0.998787,-0.0259993,0.0405692,-0.0101595
257,0.0146627,-0.0416146,0.0856429,0.998776,-0.0258982,0.0408519,-0.0103375
258,0.0149075,-0.0417303,0.0856269,0.998743,-0.0258355,0.0415317,-0.0109687
259,0.0152624,-0.0417157,0.0856268,0.998743,-0.0257522,0.0416072,-0.0108872
260,0.0156024,-0.0417096,0.0856183,0.998744,-0.0256721,0.0416557,-0.010769
261,0.0159919,-0.0417872,0.0856106,0.998758,-0.0254849,0.0413464,-0.0111132
262,0.0163084,-0.041839,0.0855767,0.998757,-0.0253257,0.0414234,-0.0113177
263,0.0166663,-0.0418651,0.085593,0.998773,-0.0250952,0.0411627,-0.0113099
264,0.0170272,-0.041881,0.0856564,0.998788,-0.0249679,0.0408874,-0.0112931
265,0.01744,-0.0420311,0.0856844,0.998809,-0.0248797,0.0401756,-0.0121384
266,0.0177091,-0.0420746,0.0856996,0.998811,-0.0246459,0.0401899,-0.0124063
267,0.0180233,-0.0421561,0.0857218,0.998827,-0.0244703,0.0397462,-0.0128624
268,0.0182732,-0.0422715,0.0857087,0.998834,-0.0242483,0.0394852,-0.0135198
269,0.0185837,-0.0422915,0.0857462,0.998862,-0.0241199,0.0388127,-0.0136385
270,0.0187823,-0.0422606,0.0857558,0.998873,-0.0239102,0.0387193,-0.0134706
271,0.0189596,-0.0422438,0.0857919,0.998875,-0.0237568,0.0387624,-0.0135107
272,0.0191307,-0.0420952,0.0858312,0.998882,-0.0234715,0.0390057,-0.0127823
273,0.0194421,-0.0419908,0.0859187,0.998908,-0.0233415,0.0385328,-0.0123407
274,0.0197307,-0.0420541,0.0859659,0.998917,-0.0230577,0.0383292,-0.0127872
275,0.0198952,-0.042059,0.0859483,0.998896,-0.022779,0.0390124,-0.0128769
276,0.0202816,-0.0419761,0.085999,0.998927,-0.022662,0.0384767,-0.0122897
277,0.0205758,-0.0419328,0.0860628,0.998937,-0.0224186,0.0385449,-0.0116994
278,0.0209211,-0.0421257,0.0860848,0.998943,-0.0220541,0.0383939,-0.0123169
279,0.0213317,-0.042157,0.0860793,0.998969,-0.0219261,0.0378969,-0.0119851
280,0.0217305,-0.0422283,0.0860791,0.998996,-0.0214944,0.0374907,-0.0117962
281,0.0220892,-0.0422706,0.08609,0.999014,-0.0212659,0.0372338,-0.011503
282,0.0223071,-0.0423617,0.0860652,0.998994,-0.0211074,0.0378554,-0.0114929
283,0.0225857,-0.0423826,0.086063,0.998994,-0.0208491,0.0381056,-0.0111333
284,0.0229945,-0.0424747,0.0860728,0.999019,-0.0206078,0.0375354,-0.0112937
285,0.0233184,-0.0426803,0.0860422,0.999026,-0.020325,0.0372598,-0.0120971
286,0.0236101,-0.0427663,0.0859913,0.999035,-0.0200553,0.0371088,-0.0122775
287,0.0238643,-0.0426943,0.0860381,0.999051,-0.0197031,0.0370981,-0.011544
288,0.0241986,-0.0427662,0.0860312,0.99907,-0.0194209,0.0366543,-0.0117257
289,0.0244833,-0.0426956,0.0860615,0.99909,-0.0191105,0.0364735,-0.0111354
290,0.0247239,-0.0427934,0.0860665,0.999092,-0.0188016,0.0364497,-0.0115165
291,0.0249125,-0.0428977,0.0860873,0.99908,-0.0185722,0.036778,-0.011937
292,0.0252543,-0.042874,0.0861137,0.999111,-0.0181274,0.0362619,-0.0115231
293,0.0254359,-0.0429838,0.0860885,0.999097,-0.017881,0.0366445,-0.011928
294,0.0257595,-0.0429643,0.0861281,0.999125,-0.0175433,0.0361683,-0.0115828
295,0.0261176,-0.0430399,0.0861312,0.999155,-0.0171593,0.0354921,-0.0116553
296,0.0262094,-0.043017,0.086152,0.999132,-0.0168332,0.0364297,-0.0111853
297,0.0265129,-0.043059,0.0861576,0.999151,-0.016494,0.0361072,-0.011062
298,0.0267795,-0.0430687,0.0861697,0.999164,-0.0161174,0.0360028,-0.010771
299,0.0270885,-0.0431765,0.0861812,0.999174,-0.0158763,0.0357268,-0.011059
300,0.0273658,-0.0431997,0.0862262,0.999178,-0.0155089,0.0358386,-0.0109127
301,0.0275385,-0.0431912,0.0862824,0.999158,-0.0151933,0.0366092,-0.0105744
302,0.0281346,-0.0433019,0.0863068,0.999214,-0.0147881,0.035096,-0.0110405
303,0.0283747,-0.0432888,0.0862903,0.999201,-0.014588,0.0355942,-0.0108318
304,0.0286444,-0.0433004,0.0862741,0.999201,-0.0140836,0.03579,-0.0109015
305,0.0290423,-0.0434181,0.0862552,0.999225,-0.0138178,0.0349862,-0.0115797
306,0.0292534,-0.0434677,0.0862027,0.99922,-0.0134524,0.0351907,-0.0118502
307,0.0294209,-0.0435131,0.0861151,0.99921,-0.0130882,0.0355339,-0.0120319
308,0.0297627,-0.0435776,0.0860692,0.999242,-0.012672,0.0347172,-0.0122104
309,0.0299156,-0.0436604,0.0859947,0.999236,-0.0123431,0.0349519,-0.0124211
310,0.0300594,-0.0437517,0.085954,0.999231,-0.0120098,0.0351413,-0.0126014
311,0.0301574,-0.0438088,0.0859077,0.999218,-0.0117201,0.0355572,-0.012686
312,0.0303897,-0.043971,0.0858722,0.999234,-0.0111657,0.0350835,-0.013245
313,0.0305587,-0.0439305,0.0858246,0.999248,-0.01087,0.0349651,-0.0127608
314,0.0307256,-0.043975,0.0857615,0.999254,-0.010541,0.0348576,-0.0128684
315,0.0307952,-0.0439308,0.0857402,0.999245,-0.0103073,0.0353118,-0.0124903
316,0.0310319,-0.0438186,0.0857596,0.999272,-0.00990298,0.0349083,-0.0117722
317,0.0312668,-0.0436143,0.0858058,0.999294,-0.00961287,0.0347151,-0.0106694
318,0.0315666,-0.0434087,0.085901,0.999316,-0.009325,0.0344637,-0.00964007
319,0.0317258,-0.043244,0.0859153,0.999293,-0.00912586,0.0353483,-0.00902449
320,0.0320851,-0.043242,0.0859615,0.999298,-0.00871616,0.0352086,-0.0093599
321,0.032531,-0.0431419,0.0859218,0.999325,-0.00837808,0.0345643,-0.00922935
322,0.0328804,-0.043082,0.0858679,0.999333,-0.00811843,0.0343776,-0.00928151
323,0.033164,-0.043186,0.0857683,0.999325,-0.00782256,0.0344143,-0.0102469
324,0.0334922,-0.0431732,0.0856614,0.999338,-0.00750797,0.033998,-0.0105902
325,0.0337155,-0.0433559,0.0854961,0.999325,-0.00721884,0.0339431,-0.0120583
326,0.0338606,-0.0432479,0.0853599,0.999322,-0.00703505,0.0341112,-0.0119337
327,0.0338024,-0.0431653,0.0851721,0.999285,-0.00686836,0.0352066,-0.011938
328,0.0340488,-0.0431096,0.085057,0.999315,-0.00653666,0.0343519,-0.0120893
329,0.0340604,-0.0429689,0.0849277,0.999311,-0.00630685,0.034646,-0.0117195
330,0.0341624,-0.042941,0.0848084,0.999318,-0.00598739,0.0343972,-0.0120565
331,0.0342935,-0.0428793,0.0846623,0.999328,-0.00584153,0.0340546,-0.0122265
332,0.034399,-0.0426261,0.08458,0.999346,-0.00552834,0.0339074,-0.0113158
333,0.0345385,-0.0425642,0.0844408,0.999352,-0.00532095,0.0336824,-0.0114981
334,0.034547,-0.0425017,0.0843214,0.999334,-0.00523249,0.034201,-0.0116017
335,0.0346263,-0.0424224,0.0841842,0.99933,-0.00500596,0.0343269,-0.0116947
336,0.0347647,-0.0422227,0.0840909,0.999351,-0.00491848,0.0339331,-0.0110535
337,0.034915,-0.0421749,0.0839015,0.999364,-0.00462755,0.0334514,-0.0114441
338,0.0349704,-0.0420574,0.0837562,0.999365,-0.00448246,0.0334445,-0.011406
339,0.0349369,-0.0419145,0.0836251,0.999353,-0.0044432,0.0338644,-0.011256
340,0.0350088,-0.0417591,0.083473,0.999365,-0.00429445,0.0335999,-0.0110667
341,0.0349398,-0.0417276,0.0833232,0.999344,-0.00419357,0.034078,-0.011559
342,0.0350413,-0.0414379,0.0832177,0.999377,-0.00392991,0.0334823,-0.0104458
343,0.0350741,-0.0414864,0.0830233,0.999374,-0.00391603,0.033252,-0.0113943
344,0.0350788,-0.0412507,0.0829281,0.999385,-0.00389111,0.0332177,-0.0105851
345,0.0350349,-0.0411571,0.0828002,0.999373,-0.00376634,0.0335561,-0.0106914
346,0.035114,-0.0410293,0.0826705,0.999387,-0.0036599,0.0331503,-0.0106101
347,0.0351095,-0.040947,0.0825612,0.999378,-0.00343476,0.0333929,-0.0108469
348,0.0352769,-0.0407057,0.0824465,0.99941,-0.00347767,0.0326231,-0.0101207
349,0.0353195,-0.0405827,0.0823369,0.99941,-0.00351426,0.0326382,-0.0101115
350,0.0353874,-0.0404567,0.0822157,0.999413,-0.00341829,0.0325527,-0.0100943
351,0.0353884,-0.0404156,0.0820936,0.999401,-0.00341293,0.0327966,-0.0105111
352,0.0354722,-0.040266,0.0819653,0.999413,-0.00332321,0.0325144,-0.0102449
353,0.0355562,-0.0401445,0.0818355,0.999426,-0.00327805,0.0321847,-0.0100056
354,0.0355786,-0.0400475,0.0817083,0.999426,-0.00330584,0.0322333,-0.00988704
355,0.0356497,-0.0399847,0.0815728,0.999434,-0.00334095,0.0319892,-0.00987926
356,0.0356501,-0.0398389,0.0814588,0.999437,-0.00331217,0.0320533,-0.00932062
357,0.0356974,-0.0397597,0.0813633,0.999446,-0.00335362,0.0318246,-0.00919206
358,0.0356397,-0.0397049,0.0812086,0.999428,-0.0033223,0.0323495,-0.00923163
359,0.0357334,-0.0395669,0.0811161,0.999443,-0.00334145,0.0320039,-0.00884187
360,0.0357591,-0.0395647,0.0810238,0.999434,-0.00332344,0.0321625,-0.00930003
361,0.0358654,-0.0393446,0.0809909,0.99945,-0.0034421,0.0318508,-0.00851342
362,0.0358581,-0.0393062,0.0809217,0.999435,-0.00350865,0.032216,-0.00889947
363,0.0359421,-0.0391697,0.0808438,0.999443,-0.00352345,0.0320377,-0.00869634
364,0.0360026,-0.0390496,0.080776,0.999446,-0.00358243,0.031921,-0.00866128
365,0.0360698,-0.0388963,0.0806915,0.999453,-0.00359477,0.0317563,-0.00849751
366,0.0361678,-0.0387547,0.0806068,0.999467,-0.00366928,0.0313481,-0.00834078
367,0.0361831,-0.0386634,0.0805033,0.999462,-0.00384568,0.0314509,-0.00849405
368,0.0362108,-0.0385544,0.0804037,0.99946,-0.0037378,0.0315233,-0.00851849
369,0.03626,-0.0383564,0.0803633,0.999466,-0.0039145,0.0314288,-0.00800191
370,0.0363608,-0.038262,0.0803093,0.999477,-0.00398718,0.031053,-0.00814822
371,0.0364235,-0.0381714,0.0802396,0.999477,-0.00402859,0.0309764,-0.00831694
372,0.0365401,-0.0380082,0.0801904,0.999493,-0.00407278,0.0305247,-0.00804111
373,0.0365577,-0.0378082,0.0801279,0.999494,-0.00422642,0.0305978,-0.00756747
374,0.0365468,-0.0376886,0.0800784,0.999487,-0.00427506,0.0308315,-0.00756889
375,0.0366006,-0.0376,0.0800274,0.99949,-0.00436603,0.0306768,-0.00777138
376,0.0366819,-0.03748,0.0799402,0.9995,-0.00436441,0.0303265,-0.00775046
377,0.0366261,-0.0374277,0.0798708,0.999486,-0.00446748,0.0306978,-0.00810047
378,0.0365963,-0.0372265,0.079827,0.999487,-0.00456212,0.0307809,-0.00751833
379,0.0366378,-0.037137,0.0797927,0.999499,-0.00463261,0.0303763,-0.00760007
380,0.0365553,-0.0371286,0.0797578,0.999482,-0.00479679,0.0307447,-0.00822187
381,0.0364694,-0.036888,0.0797263,0.999479,-0.00487323,0.0310411,-0.00743301
382,0.0365418,-0.0368449,0.0797291,0.999496,-0.00490299,0.0303314,-0.00798842
383,0.0365145,-0.0366464,0.0797051,0.999501,-0.00485735,0.0302719,-0.00756537
384,0.03646,-0.0365242,0.0797108,0.999496,-0.00509064,0.0303896,-0.00768264
385,0.0364145,-0.0363808,0.079733,0.999493,-0.00507513,0.0304785,-0.00768355
386,0.0363796,-0.0363048,0.0797506,0.999483,-0.00528923,0.0306301,-0.00817213
387,0.0363951,-0.0361424,0.0797482,0.999489,-0.00525337,0.0304543,-0.00815195
388,0.0365013,-0.0359785,0.079775,0.999507,-0.00523067,0.029865,-0.0081724
389,0.0365285,-0.0357236,0.0797176,0.999516,-0.00534711,0.0296805,-0.00762787
390,0.0365268,-0.0355901,0.0797763,0.999513,-0.00545568,0.0297108,-0.00786481
391,0.036577,-0.0353691,0.0797737,0.999521,-0.0055845,0.0294631,-0.00763263
392,0.0365861,-0.0351915,0.0797367,0.99952,-0.00572328,0.0294628,-0.00771133
393,0.036563,-0.0350111,0.0797428,0.999515,-0.00568733,0.0295836,-0.00784901
394,0.0365247,-0.0348765,0.0797539,0.999505,-0.00577921,0.0297754,-0.00834579
395,0.0364642,-0.0346562,0.0797907,0.999497,-0.00573523,0.0300409,-0.00841029
396,0.0364827,-0.0344272,0.0798354,0.999505,-0.00592795,0.0296915,-0.00848911
397,0.0364788,-0.0342088,0.0798498,0.999513,-0.00588007,0.0293916,-0.00866785
398,0.0364273,-0.034008,0.0798262,0.999512,-0.0059437,0.0293481,-0.00894642
399,0.0363119,-0.0337165,0.0797781,0.999502,-0.0061748,0.0297353,-0.00860057
400,0.0363843,-0.0335099,0.0796942,0.999525,-0.0060927,0.0289052,-0.00872749
401,0.0362748,-0.0333288,0.0796109,0.999513,-0.00614161,0.0292401,-0.00895234
402,0.0362575,-0.0330678,0.079518,0.99952,-0.00626591,0.029061,-0.0086999
403,0.0363672,-0.0328077,0.0794554,0.999543,-0.0063067,0.0283347,-0.00838381
404,0.0361852,-0.0326509,0.0794643,0.999505,-0.00647437,0.0294895,-0.00879821
405,0.036234,-0.0323794,0.0794483,0.999514,-0.00636002,0.0292872,-0.00858564
406,0.0362967,-0.0321848,0.0794641,0.999519,-0.0064008,0.029023,-0.00880299
407,0.0364063,-0.0319929,0.0794467,0.999531,-0.00654625,0.0284705,-0.00915101
408,0.0363559,-0.0316984,0.0794171,0.999521,-0.0065106,0.0288838,-0.00896223
409,0.036367,-0.0315101,0.07944,0.999518,-0.00648567,0.0288388,-0.00948203
410,0.036402,-0.0313869,0.079446,0.999515,-0.00659255,0.0286509,-0.0102548
411,0.0364487,-0.0309201,0.0794034,0.999533,-0.00666888,0.0283791,-0.00915976
412,0.0364822,-0.0306682,0.0793948,0.999538,-0.00663026,0.0281697,-0.00924495
413,0.0364457,-0.0304732,0.079372,0.999532,-0.00664131,0.0282628,-0.00961445
414,0.0364399,-0.0302815,0.07932,0.999531,-0.00666037,0.0281791,-0.00992259
415,0.0364891,-0.0300356,0.0792605,0.999545,-0.00674797,0.0277077,-0.00978995
416,0.0364046,-0.0298239,0.0792092,0.999539,-0.00676212,0.0279424,-0.00976827
417,0.0363501,-0.0297685,0.0791693,0.999536,-0.00680244,0.0277463,-0.0105632
418,0.0363438,-0.0295621,0.0791373,0.999554,-0.00684974,0.0271515,-0.0103508
419,0.0362076,-0.0294257,0.0791299,0.99955,-0.00689567,0.0272729,-0.0104327
420,0.0361132,-0.0293138,0.0791561,0.99955,-0.00684912,0.0271499,-0.0107146
421,0.0360114,-0.0290911,0.0791905,0.999556,-0.00690165,0.0270723,-0.0103575
422,0.0359528,-0.0289473,0.0792236,0.999562,-0.00690064,0.0267937,-0.0105188
423,0.0358989,-0.028687,0.0792457,0.999574,-0.0068342,0.0265516,-0.0100121
424,0.0357676,-0.0285812,0.0792342,0.999559,-0.00687598,0.0269276,-0.0104562
425,0.0357321,-0.0284392,0.0792179,0.999561,-0.00689187,0.0267494,-0.010704
426,0.0356581,-0.0283297,0.0792215,0.999554,-0.00682603,0.0268654,-0.0110949
427,0.0355737,-0.028134,0.0792108,0.999549,-0.00683215,0.0271227,-0.0109087
428,0.0356072,-0.0279713,0.0791892,0.999555,-0.00689773,0.0268686,-0.0109236
429,0.0356212,-0.0277652,0.0791992,0.999554,-0.0068928,0.0270159,-0.0106955
430,0.0357639,-0.0277082,0.0791905,0.999563,-0.00676605,0.0264378,-0.0113741
431,0.0357984,-0.0274871,0.0791691,0.999558,-0.00686748,0.0267466,-0.0110482
432,0.0358809,-0.0273917,0.0791305,0.999548,-0.00685826,0.0268798,-0.0115743
433,0.0359262,-0.0272506,0.0791502,0.999532,-0.0068215,0.0273613,-0.011827
434,0.0362965,-0.0270374,0.079166,0.999573,-0.00687877,0.0259045,-0.011635
435,0.0362864,-0.0269078,0.0791617,0.999545,-0.00687895,0.026798,-0.0119784
436,0.0364473,-0.0267355,0.0791123,0.999552,-0.00681852,0.0265904,-0.0119131
437,0.0365416,-0.0265509,0.0790858,0.999553,-0.00682316,0.0266909,-0.011643
438,0.0368282,-0.0265524,0.0790437,0.999571,-0.00697107,0.0255368,-0.0124956
439,0.0368264,-0.0263449,0.0789973,0.999567,-0.00684385,0.0259832,-0.0119851
440,0.0368852,-0.0263436,0.0789138,0.999559,-0.0068762,0.0258915,-0.0127757
441,0.0369736,-0.026214,0.0788415,0.999571,-0.00688112,0.0254881,-0.0126904
442,0.0369494,-0.0260631,0.0787812,0.99957,-0.00695912,0.0256515,-0.0123856
443,0.0369805,-0.0259554,0.0787617,0.99958,-0.00689263,0.0252657,-0.0124287
444,0.0368267,-0.0258154,0.0787576,0.999563,-0.00709316,0.0259441,-0.0122668
445,0.0368531,-0.0257758,0.0787589,0.999572,-0.00707024,0.0253767,-0.0127453
446,0.0367876,-0.0256145,0.0787551,0.999575,-0.00704831,0.0253783,-0.0124587
447,0.0366838,-0.02554,0.0787327,0.999566,-0.00704073,0.0256275,-0.0126981
448,0.0366816,-0.0253801,0.0787471,0.999576,-0.00717147,0.0254007,-0.0123252
449,0.0365984,-0.0253715,0.0787339,0.999565,-0.00716842,0.0256112,-0.012776
450,0.0365864,-0.0253562,0.0787228,0.999564,-0.00711293,0.0254356,-0.0131813
451,0.0365023,-0.0252962,0.0786891,0.999555,-0.00717277,0.0256996,-0.0133256
452,0.0365399,-0.0252632,0.0786666,0.999561,-0.00722678,0.0252451,-0.0136994
453,0.0364859,-0.025166,0.0786637,0.999558,-0.00718907,0.0253943,-0.01368
454,0.0364586,-0.0251459,0.0786742,0.99955,-0.00732591,0.0253903,-0.0142002
455,0.0364398,-0.0249502,0.0787125,0.999561,-0.00721066,0.0253326,-0.0135845
456,0.0364709,-0.0249015,0.0787678,0.999563,-0.00728938,0.0250554,-0.0139102
457,0.0364085,-0.0248447,0.0788148,0.99955,-0.00724353,0.0254044,-0.0142182
458,0.0363328,-0.0248266,0.0788631,0.999533,-0.00738499,0.0257349,-0.0147071
459,0.0363593,-0.0247183,0.0788966,0.999542,-0.0074059,0.025461,-0.0145714
460,0.0363953,-0.0246645,0.0789245,0.999549,-0.00738585,0.025123,-0.0146977
461,0.0363355,-0.0245638,0.0789519,0.999545,-0.00739514,0.0253737,-0.0145318
462,0.0363164,-0.0246778,0.0789831,0.999528,-0.00755492,0.0253188,-0.0156963
463,0.0362642,-0.0246302,0.0790015,0.999524,-0.00754188,0.0253995,-0.0157804
464,0.0362437,-0.0245463,0.0790263,0.99953,-0.00763628,0.0252824,-0.01554
465,0.0362362,-0.0245215,0.0790288,0.999533,-0.00765761,0.0250335,-0.0157521
466,0.0361907,-0.0245158,0.0790419,0.999528,-0.007647,0.0250437,-0.0160648
467,0.0362597,-0.0243595,0.0790565,0.999558,-0.00771808,0.0242116,-0.0154243
468,0.0360822,-0.0244352,0.0790836,0.999529,-0.00779644,0.024853,-0.0162405
469,0.0359533,-0.0244534,0.0790749,0.999513,-0.00792869,0.0251339,-0.0166845
470,0.0359505,-0.0243546,0.0790939,0.999531,-0.0079718,0.0245601,-0.0164922
471,0.0357909,-0.0243336,0.0791189,0.999516,-0.00794414,0.0248823,-0.016922
472,0.0356495,-0.0242975,0.0791155,0.999504,-0.00796442,0.0250449,-0.0173724
473,0.0355345,-0.0242006,0.0791261,0.999497,-0.0078558,0.0252544,-0.0174987
474,0.0355058,-0.0242034,0.079134,0.999489,-0.00789926,0.0249484,-0.018335
475,0.0354944,-0.0240846,0.0791634,0.999489,-0.00803775,0.0247787,-0.0185511
476,0.0354162,-0.0239033,0.0791768,0.999478,-0.00809858,0.0252555,-0.0184356
477,0.0354884,-0.0238739,0.0791799,0.999465,-0.00804349,0.0250495,-0.0194098
478,0.0356222,-0.0236115,0.0792309,0.999481,-0.0080408,0.024771,-0.0189481
479,0.0356566,-0.0234733,0.0792498,0.999459,-0.00812958,0.0254045,-0.0192229
480,0.0358974,-0.0231563,0.0792937,0.999488,-0.00813978,0.0248683,-0.0184301
481,0.0360863,-0.0230736,0.0792716,0.999479,-0.00817143,0.024727,-0.0190646
482,0.0361841,-0.0228747,0.07926,0.999468,-0.00834573,0.0251855,-0.0189594
483,0.0364172,-0.0227993,0.0792485,0.999464,-0.00823816,0.0248594,-0.01963
484,0.0365366,-0.0225188,0.0792638,0.999466,-0.00831856,0.02522,-0.0190582
485,0.0366668,-0.0224684,0.0792221,0.999441,-0.0083671,0.0254524,-0.0199815
486,0.0368817,-0.0222939,0.0791912,0.999448,-0.00845292,0.0250306,-0.0201637
487,0.036951,-0.0221248,0.0791661,0.999434,-0.00851424,0.0253986,-0.0203729
488,0.0370767,-0.0218636,0.0791697,0.999441,-0.00852643,0.0253232,-0.0200769
489,0.0371574,-0.021788,0.0791231,0.999422,-0.00865881,0.0253658,-0.0208965
490,0.0372265,-0.0215695,0.0790944,0.999424,-0.0087026,0.0253467,-0.0208068
491,0.0372041,-0.0213368,0.0790917,0.999418,-0.00869638,0.0258016,-0.0205558
492,0.0373139,-0.0212663,0.0790677,0.999415,-0.00874506,0.0253357,-0.021241
493,0.0373554,-0.021074,0.0790368,0.999419,-0.00881694,0.0252637,-0.0211039
494,0.0372978,-0.0209795,0.0790223,0.999393,-0.00886014,0.0258799,-0.0215899
495,0.0373452,-0.0208499,0.0790181,0.999389,-0.00890084,0.0258351,-0.0217891
496,0.0374251,-0.020693,0.0790058,0.999395,-0.00892136,0.0256329,-0.0217428
497,0.0374685,-0.0205846,0.0790027,0.999387,-0.0090513,0.0256522,-0.0220292
498,0.0374686,-0.0203833,0.079024,0.999384,-0.00906978,0.0259452,-0.0218247
499,0.037461,-0.0203345,0.0790577,0.999359,-0.00915883,0.0263068,-0.0225055
