0.021875,6.93411e-310,6.95297e-310
0.0437483,0.00027343,6.95297e-310
0.0656165,0.000820248,6.95297e-310
0.0874761,0.00164037,6.95297e-310
0.109324,0.00273366,6.95297e-310
0.131156,0.00409996,6.95297e-310
0.15297,0.00573905,6.95297e-310
0.174761,0.00765067,6.95297e-310
0.196527,0.00983452,6.95297e-310
0.218263,0.0122903,6.95297e-310
0.239968,0.0150175,6.95297e-310
0.261636,0.0180159,6.95297e-310
0.283266,0.0212848,6.95297e-310
0.304852,0.0248239,6.95297e-310
0.326393,0.0286325,6.95297e-310
0.347885,0.0327101,6.95297e-310
0.369324,0.037056,6.95297e-310
0.390707,0.0416695,6.95297e-310
0.41203,0.04655,6.95297e-310
0.433291,0.0516966,6.95297e-310
0.454486,0.0571085,6.95297e-310
0.475612,0.062785,6.95297e-310
0.496665,0.0687251,6.95297e-310
0.517642,0.0749279,6.95297e-310
0.53854,0.0813924,6.95297e-310
0.559356,0.0881176,6.95297e-310
0.580086,0.0951025,6.95297e-310
0.600726,0.102346,6.95297e-310
0.621275,0.109847,6.95297e-310
0.641729,0.117604,6.95297e-310
0.662084,0.125616,6.95297e-310
0.682337,0.133882,6.95297e-310
0.702485,0.142401,6.95297e-310
0.722525,0.15117,6.95297e-310
0.742454,0.16019,6.95297e-310
0.762269,0.169458,6.95297e-310
0.781966,0.178973,6.95297e-310
0.801543,0.188733,6.95297e-310
0.820996,0.198737,6.95297e-310
0.840323,0.208984,6.95297e-310
0.85952,0.219471,6.95297e-310
0.878584,0.230198,6.95297e-310
0.897513,0.241162,6.95297e-310
0.916304,0.252362,6.95297e-310
0.934953,0.263796,6.95297e-310
0.953457,0.275462,6.95297e-310
0.971815,0.287358,6.95297e-310
0.990022,0.299483,6.95297e-310
1.00808,0.311834,6.95297e-310
1.02597,0.324411,6.95297e-310
1.04371,0.33721,6.95297e-310
1.06129,0.350229,6.95297e-310
1.07871,0.363468,6.95297e-310
1.09595,0.376923,6.95297e-310
1.11303,0.390593,6.95297e-310
1.12994,0.404475,6.95297e-310
1.14667,0.418567,6.95297e-310
1.16322,0.432867,6.95297e-310
1.1796,0.447373,6.95297e-310
1.19579,0.462083,6.95297e-310
1.21179,0.476994,6.95297e-310
1.22761,0.492104,6.95297e-310
1.24324,0.50741,6.95297e-310
1.25867,0.52291,6.95297e-310
1.27391,0.538602,6.95297e-310
1.28896,0.554484,6.95297e-310
1.3038,0.570552,6.95297e-310
1.31844,0.586805,6.95297e-310
1.33288,0.603239,6.95297e-310
1.34711,0.619852,6.95297e-310
1.36113,0.636642,6.95297e-310
1.37494,0.653606,6.95297e-310
1.38854,0.670742,6.95297e-310
1.40192,0.688045,6.95297e-310
1.41509,0.705515,6.95297e-310
1.42803,0.723148,6.95297e-310
1.44076,0.740942,6.95297e-310
1.45326,0.758893,6.95297e-310
1.46553,0.776999,6.95297e-310
1.47758,0.795257,6.95297e-310
1.4894,0.813664,6.95297e-310
1.50099,0.832218,6.95297e-310
1.51235,0.850914,6.95297e-310
1.52347,0.869752,6.95297e-310
1.53435,0.888727,6.95297e-310
1.545,0.907836,6.95297e-310
1.5554,0.927077,6.95297e-310
1.56557,0.946447,6.95297e-310
1.57549,0.965942,6.95297e-310
1.58517,0.98556,6.95297e-310
1.5946,1.0053,6.95297e-310
1.60379,1.02515,6.95297e-310
1.61272,1.04512,6.95297e-310
1.62141,1.06519,6.95297e-310
1.62984,1.08538,6.95297e-310
1.63802,1.10567,6.95297e-310
1.64595,1.12605,6.95297e-310
1.65362,1.14654,6.95297e-310
1.66103,1.16712,6.95297e-310
1.66819,1.18779,6.95297e-310
1.67509,1.20855,6.95297e-310
1.68173,1.22939,6.95297e-310
1.6881,1.25032,6.95297e-310
1.69422,1.27132,6.95297e-310
1.70007,1.2924,6.95297e-310
1.70566,1.31355,6.95297e-310
1.71098,1.33477,6.95297e-310
1.71604,1.35605,6.95297e-310
1.72083,1.37739,6.95297e-310
1.72535,1.39879,6.95297e-310
1.72961,1.42025,6.95297e-310
1.73359,1.44176,6.95297e-310
1.73731,1.46332,6.95297e-310
1.74076,1.48492,6.95297e-310
1.74394,1.50656,6.95297e-310
1.74684,1.52824,6.95297e-310
1.74948,1.54996,6.95297e-310
1.75184,1.5717,6.95297e-310
1.75394,1.59348,6.95297e-310
1.75576,1.61528,6.95297e-310
1.7573,1.6371,6.95297e-310
1.75858,1.65894,6.95297e-310
1.75958,1.68079,6.95297e-310
1.76031,1.70265,6.95297e-310
1.76076,1.72452,6.95297e-310
1.76095,1.7464,6.95297e-310
1.76085,1.76827,6.95297e-310
1.76049,1.79014,6.95297e-310
1.75985,1.81201,6.95297e-310
1.75894,1.83386,6.95297e-310
1.75775,1.85571,6.95297e-310
1.75629,1.87753,6.95297e-310
1.75456,1.89934,6.95297e-310
1.75256,1.92112,6.95297e-310
1.75028,1.94288,6.95297e-310
1.74774,1.96461,6.95297e-310
1.74492,1.9863,6.95297e-310
1.74183,2.00795,6.95297e-310
1.73847,2.02957,6.95297e-310
1.73484,2.05114,6.95297e-310
1.73094,2.07267,6.95297e-310
1.72677,2.09414,6.95297e-310
1.72234,2.11556,6.95297e-310
1.71763,2.13692,6.95297e-310
1.71266,2.15823,6.95297e-310
1.70743,2.17947,6.95297e-310
1.70193,2.20064,6.95297e-310
1.69616,2.22174,6.95297e-310
1.69013,2.24277,6.95297e-310
1.68384,2.26372,6.95297e-310
1.67729,2.28459,6.95297e-310
1.67048,2.30538,6.95297e-310
1.66341,2.32608,6.95297e-310
1.65607,2.34669,6.95297e-310
1.64849,2.3672,6.95297e-310
1.64064,2.38762,6.95297e-310
1.63255,2.40795,6.95297e-310
1.6242,2.42816,6.95297e-310
1.61559,2.44828,6.95297e-310
1.60674,2.46828,6.95297e-310
1.59764,2.48817,6.95297e-310
1.58828,2.50795,6.95297e-310
1.57869,2.5276,6.95297e-310
1.56884,2.54714,6.95297e-310
1.55876,2.56655,6.95297e-310
1.54843,2.58583,6.95297e-310
1.53786,2.60499,6.95297e-310
1.52706,2.62401,6.95297e-310
1.51601,2.64289,6.95297e-310
1.50473,2.66163,6.95297e-310
1.49322,2.68023,6.95297e-310
1.48148,2.69869,6.95297e-310
1.4695,2.71699,6.95297e-310
1.4573,2.73515,6.95297e-310
1.44488,2.75315,6.95297e-310
1.43222,2.771,6.95297e-310
1.41935,2.78868,6.95297e-310
1.40626,2.80621,6.95297e-310
1.39295,2.82357,6.95297e-310
1.37942,2.84076,6.95297e-310
1.36568,2.85778,6.95297e-310
1.35172,2.87462,6.95297e-310
1.33756,2.8913,6.95297e-310
1.32319,2.90779,6.95297e-310
1.30862,2.9241,6.95297e-310
1.29384,2.94023,6.95297e-310
1.27886,2.95617,6.95297e-310
1.26369,2.97193,6.95297e-310
1.24831,2.98749,6.95297e-310
1.23275,3.00286,6.95297e-310
1.21699,3.01804,6.95297e-310
1.20105,3.03301,6.95297e-310
1.18492,3.04779,6.95297e-310
1.1686,3.06236,6.95297e-310
1.15211,3.07673,6.95297e-310
1.13544,3.09089,6.95297e-310
1.11859,3.10484,6.95297e-310
1.10156,3.11858,6.95297e-310
1.08437,3.1321,6.95297e-310
1.06701,3.14541,6.95297e-310
1.04949,3.15851,6.95297e-310
1.0318,3.17138,6.95297e-310
1.01395,3.18403,6.95297e-310
0.99595,3.19645,6.95297e-310
0.977793,3.20865,6.95297e-310
0.959484,3.22062,6.95297e-310
0.941027,3.23236,6.95297e-310
0.922425,3.24387,6.95297e-310
0.903681,3.25515,6.95297e-310
0.884797,3.26619,6.95297e-310
0.865777,3.277,6.95297e-310
0.846622,3.28756,6.95297e-310
0.827338,3.29789,6.95297e-310
0.807926,3.30797,6.95297e-310
0.788389,3.31781,6.95297e-310
0.768731,3.32741,6.95297e-310
0.748954,3.33676,6.95297e-310
0.729062,3.34586,6.95297e-310
0.709058,3.35471,6.95297e-310
0.688945,3.36331,6.95297e-310
0.668726,3.37166,6.95297e-310
0.648404,3.37976,6.95297e-310
0.627983,3.3876,6.95297e-310
0.607465,3.39518,6.95297e-310
0.586854,3.40251,6.95297e-310
0.566152,3.40958,6.95297e-310
0.545365,3.41639,6.95297e-310
0.524493,3.42294,6.95297e-310
0.503542,3.42923,6.95297e-310
0.482513,3.43525,6.95297e-310
0.461411,3.44102,6.95297e-310
0.440238,3.44652,6.95297e-310
0.418999,3.45175,6.95297e-310
0.397695,3.45672,6.95297e-310
0.376331,3.46142,6.95297e-310
0.35491,3.46585,6.95297e-310
0.333435,3.47002,6.95297e-310
0.31191,3.47391,6.95297e-310
0.290338,3.47754,6.95297e-310
0.268722,3.4809,6.95297e-310
0.247066,3.48399,6.95297e-310
0.225373,3.4868,6.95297e-310
0.203647,3.48935,6.95297e-310
0.18189,3.49162,6.95297e-310
0.160107,3.49362,6.95297e-310
0.1383,3.49535,6.95297e-310
0.116474,3.4968,6.95297e-310
0.0946308,3.49799,6.95297e-310
0.0727747,3.4989,6.95297e-310
0.0509089,3.49953,6.95297e-310
0.0290369,3.4999,6.95297e-310
0.00716212,3.49998,6.95297e-310
-0.0147121,3.4998,6.95297e-310
-0.0365823,3.49934,6.95297e-310
-0.0584451,3.49861,6.95297e-310
-0.0802971,3.49761,6.95297e-310
-0.102135,3.49633,6.95297e-310
-0.123955,3.49478,6.95297e-310
-0.145754,3.49296,6.95297e-310
-0.167528,3.49086,6.95297e-310
-0.189275,3.4885,6.95297e-310
-0.21099,3.48586,6.95297e-310
-0.232671,3.48295,6.95297e-310
-0.254313,3.47977,6.95297e-310
-0.275914,3.47632,6.95297e-310
-0.297471,3.4726,6.95297e-310
-0.318979,3.46861,6.95297e-310
-0.340435,3.46435,6.95297e-310
-0.361837,3.45982,6.95297e-310
-0.38318,3.45503,6.95297e-310
-0.404462,3.44997,6.95297e-310
-0.425679,3.44465,6.95297e-310
-0.446828,3.43906,6.95297e-310
-0.467905,3.4332,6.95297e-310
-0.488908,3.42709,6.95297e-310
-0.509832,3.42071,6.95297e-310
-0.530675,3.41407,6.95297e-310
-0.551433,3.40717,6.95297e-310
-0.572103,3.40001,6.95297e-310
-0.592683,3.39259,6.95297e-310
-0.613168,3.38492,6.95297e-310
-0.633555,3.37699,6.95297e-310
-0.653842,3.36881,6.95297e-310
-0.674025,3.36037,6.95297e-310
-0.694101,3.35168,6.95297e-310
-0.714066,3.34274,6.95297e-310
-0.733919,3.33356,6.95297e-310
-0.753655,3.32412,6.95297e-310
-0.773271,3.31444,6.95297e-310
-0.792766,3.30452,6.95297e-310
-0.812134,3.29435,6.95297e-310
-0.831374,3.28394,6.95297e-310
-0.850482,3.27329,6.95297e-310
-0.869456,3.26241,6.95297e-310
-0.888292,3.25129,6.95297e-310
-0.906988,3.23993,6.95297e-310
-0.92554,3.22834,6.95297e-310
-0.943946,3.21652,6.95297e-310
-0.962202,3.20447,6.95297e-310
-0.980307,3.19219,6.95297e-310
-0.998257,3.17969,6.95297e-310
-1.01605,3.16696,6.95297e-310
-1.03368,3.15401,6.95297e-310
-1.05115,3.14084,6.95297e-310
-1.06845,3.12746,6.95297e-310
-1.08558,3.11386,6.95297e-310
-1.10255,3.10005,6.95297e-310
-1.11934,3.08602,6.95297e-310
-1.13595,3.07179,6.95297e-310
-1.15238,3.05735,6.95297e-310
-1.16863,3.04271,6.95297e-310
-1.1847,3.02786,6.95297e-310
-1.20058,3.01282,6.95297e-310
-1.21627,2.99758,6.95297e-310
-1.23177,2.98214,6.95297e-310
-1.24707,2.96651,6.95297e-310
-1.26218,2.95069,6.95297e-310
-1.27709,2.93468,6.95297e-310
-1.2918,2.91849,6.95297e-310
-1.3063,2.90212,6.95297e-310
-1.3206,2.88556,6.95297e-310
-1.33469,2.86883,6.95297e-310
-1.34857,2.85192,6.95297e-310
-1.36224,2.83484,6.95297e-310
-1.37569,2.81759,6.95297e-310
-1.38893,2.80018,6.95297e-310
-1.40194,2.7826,6.95297e-310
-1.41474,2.76486,6.95297e-310
-1.42732,2.74696,6.95297e-310
-1.43967,2.7289,6.95297e-310
-1.45179,2.71069,6.95297e-310
-1.46368,2.69233,6.95297e-310
-1.47535,2.67383,6.95297e-310
-1.48678,2.65518,6.95297e-310
-1.49798,2.63639,6.95297e-310
-1.50894,2.61746,6.95297e-310
-1.51966,2.59839,6.95297e-310
-1.53015,2.57919,6.95297e-310
-1.54039,2.55986,6.95297e-310
-1.55039,2.54041,6.95297e-310
-1.56015,2.52083,6.95297e-310
-1.56967,2.50113,6.95297e-310
-1.57893,2.48132,6.95297e-310
-1.58795,2.46139,6.95297e-310
-1.59672,2.44135,6.95297e-310
-1.60523,2.4212,6.95297e-310
-1.6135,2.40094,6.95297e-310
-1.62151,2.38059,6.95297e-310
-1.62926,2.36013,6.95297e-310
-1.63676,2.33958,6.95297e-310
-1.644,2.31894,6.95297e-310
-1.65098,2.29821,6.95297e-310
-1.65771,2.27739,6.95297e-310
-1.66417,2.2565,6.95297e-310
-1.67037,2.23552,6.95297e-310
-1.67631,2.21446,6.95297e-310
-1.68198,2.19334,6.95297e-310
-1.68739,2.17214,6.95297e-310
-1.69253,2.15088,6.95297e-310
-1.69741,2.12956,6.95297e-310
-1.70202,2.10817,6.95297e-310
-1.70637,2.08673,6.95297e-310
-1.71044,2.06524,6.95297e-310
-1.71425,2.0437,6.95297e-310
-1.71779,2.02211,6.95297e-310
-1.72105,2.00048,6.95297e-310
-1.72405,1.97881,6.95297e-310
-1.72677,1.95711,6.95297e-310
-1.72923,1.93537,6.95297e-310
-1.73141,1.91361,6.95297e-310
-1.73332,1.89182,6.95297e-310
-1.73495,1.87,6.95297e-310
-1.73632,1.84817,6.95297e-310
-1.73741,1.82632,6.95297e-310
-1.73823,1.80446,6.95297e-310
-1.73877,1.78259,6.95297e-310
-1.73904,1.76072,6.95297e-310
-1.73904,1.73885,6.95297e-310
-1.73876,1.71697,6.95297e-310
-1.73821,1.6951,6.95297e-310
-1.73739,1.67324,6.95297e-310
-1.7363,1.6514,6.95297e-310
-1.73493,1.62956,6.95297e-310
-1.73328,1.60775,6.95297e-310
-1.73137,1.58596,6.95297e-310
-1.72918,1.56419,6.95297e-310
-1.72673,1.54246,6.95297e-310
-1.724,1.52075,6.95297e-310
-1.721,1.49909,6.95297e-310
-1.71772,1.47746,6.95297e-310
-1.71418,1.45587,6.95297e-310
-1.71037,1.43433,6.95297e-310
-1.70629,1.41284,6.95297e-310
-1.70194,1.3914,6.95297e-310
-1.69733,1.37002,6.95297e-310
-1.69245,1.3487,6.95297e-310
-1.6873,1.32743,6.95297e-310
-1.68188,1.30624,6.95297e-310
-1.6762,1.28512,6.95297e-310
-1.67026,1.26406,6.95297e-310
