1.8325,1.1718
1.73853,1.05865
1.45638,1.29819
1.92088,1.06617
2.17033,0.802975
1.62321,1.26154
1.91581,1.02188
1.70786,1.13208
1.49665,1.26273
1.55558,1.32547
1.74862,1.20381
1.84085,1.11977
2.08692,1.01954
1.60804,1.20959
1.63596,1.21204
1.6725,1.21977
1.89651,1.04262
1.7085,1.15405
1.64362,1.14864
1.62219,1.2452
1.73813,1.05333
1.68956,1.18975
1.81517,1.1348
1.55195,1.3069
1.62686,1.22033
1.68663,1.16697
1.67344,1.21631
1.583,1.21266
1.72494,1.19539
1.82353,1.15689
1.90676,1.0503
1.50834,1.333
1.97168,1.02535
1.61785,1.15475
1.57493,1.20863
1.90652,1.05479
1.46513,1.2796
1.54946,1.22375
1.68355,1.25669
1.68944,1.15191
1.68844,1.15977
1.85283,1.15901
1.51551,1.25498
1.81231,1.10177
1.65091,1.20812
1.59262,1.21234
1.98047,0.947407
1.82078,1.16185
1.86904,1.01265
1.47403,1.37305
1.33243,1.36911
1.57742,1.19751
1.39932,1.29437
1.54254,1.27162
1.5348,1.2381
1.49006,1.30692
1.56242,1.31662
1.69299,1.18473
1.3042,1.34998
1.71746,1.1507
1.95026,0.929643
1.97154,1.01361
1.80837,1.11847
1.49701,1.24012
1.16911,1.36475
1.82908,1.18508
1.59683,1.2732
1.62806,1.19919
1.82343,1.10372
1.91176,1.10635
1.36349,1.29532
1.79063,1.16398
1.52499,1.28309
1.57316,1.28882
1.37869,1.3077
1.7241,1.20092
1.69079,1.21062
1.73781,1.09703
1.99164,1.02745
1.68785,1.25261
1.4656,1.29121
1.87563,1.0735
1.65996,1.22051
1.6104,1.26093
2.00934,0.908472
1.29406,1.37105
1.9919,0.999768
1.69567,1.17016
1.46569,1.34692
1.45883,1.26984
1.76514,1.19593
1.7042,1.1232
1.88968,0.993252
1.65088,1.21922
1.80473,1.10654
1.67984,1.1573
1.94227,1.02262
1.65462,1.16324
1.80228,1.16251
1.4045,1.27731
1.55678,1.33546
1.66864,1.18769
1.55688,1.22587
1.54878,1.25898
1.24352,1.40235
1.65539,1.13141
1.66643,1.26013
1.6136,1.28113
1.46973,1.33055
1.81431,1.14653
1.65266,1.19344
1.44353,1.28576
1.64345,1.30394
2.12912,0.870206
1.8102,1.18992
1.7778,1.05205
1.38686,1.28862
1.76476,1.14343
1.90413,0.989657
1.80978,1.09935
1.34775,1.26802
1.61419,1.19538
1.66772,1.18489
1.83035,1.06063
1.42273,1.31632
1.75496,1.31302
1.24694,1.35235
1.7145,1.15658
1.50108,1.32162
1.66387,1.16273
1.60604,1.26346
1.64489,1.26396
1.59918,1.3166
1.24454,1.37632
1.79146,1.1541
1.70361,1.17349
1.65484,1.2116
1.32692,1.39636
1.46238,1.33504
1.68212,1.23092
1.75882,1.13298
1.57059,1.31752
1.66211,1.25024
1.84881,1.08877
1.77291,1.15119
1.82885,1.19004
1.54033,1.27462
1.49065,1.30741
1.57642,1.27813
1.51262,1.29197
1.6463,1.18627
1.50261,1.35833
1.59243,1.22733
1.86247,1.13131
1.68292,1.16108
1.82344,1.15125
1.66182,1.15474
1.56016,1.24111
1.71712,1.13501
1.82169,1.20708
1.70149,1.12496
1.99748,1.09367
2.12016,0.838674
1.83048,1.04407
1.53352,1.32871
1.63557,1.24473
1.79786,1.13952
1.76383,1.11371
1.90776,1.03398
1.75257,1.0908
1.77054,1.24638
1.73816,1.16432
1.78751,1.15836
1.97423,1.00166
1.90466,1.01488
1.77659,1.19757
1.94837,0.932334
1.53043,1.28971
1.60974,1.32086
1.75636,1.12946
1.50123,1.27213
1.42451,1.32355
1.7876,1.16732
1.37053,1.36788
1.66146,1.15601
1.69602,1.14399
1.37735,1.29834
1.96743,0.97017
1.90484,1.09023
1.92745,1.00083
1.68192,1.24687
1.55082,1.27461
1.92397,1.12348
1.81113,1.21356
1.75235,1.06723
1.81037,1.10376
1.54941,1.25866
1.76905,1.1762
1.72164,1.17623
1.99851,1.07871
1.5228,1.29865
1.32,1.34201
1.26868,1.37001
1.50714,1.27056
1.61869,1.31056
1.64834,1.23733
1.59958,1.2143
1.85064,1.1083
1.55348,1.34045
1.67571,1.27814
1.79091,1.14608
1.6774,1.16688
1.49802,1.27383
1.59737,1.22374
1.61312,1.25622
1.88354,1.10593
1.22611,1.41927
1.82335,1.0816
1.69406,1.14605
1.33967,1.32106
1.41439,1.34039
1.60169,1.21667
1.5995,1.21212
1.83302,1.07139
1.85664,1.02116
2.0133,0.975519
1.46315,1.20083
1.48372,1.35557
1.61911,1.20282
1.86408,1.09785
1.6484,1.19344
1.43889,1.29115
1.78206,1.18974
1.28941,1.31946
1.40859,1.33761
1.84183,1.06582
1.353,1.38763
1.7871,1.09105
1.76232,1.20552
1.7892,1.11971
1.51939,1.28248
1.47325,1.34093
1.58441,1.33657
1.74199,1.16203
1.93345,1.06647
1.57678,1.22758
1.68649,1.19887
1.92177,1.17459
2.06874,0.818816
1.55747,1.22117
1.59999,1.21968
1.37913,1.28635
1.6549,1.22588
1.53288,1.29413
1.5128,1.35183
1.62755,1.18974
1.41729,1.28072
1.57584,1.28196
1.50581,1.2832
1.41445,1.33339
1.79316,1.15999
1.52879,1.33504
1.97283,0.983308
1.60577,1.26247
1.67897,1.10849
1.76286,1.14516
1.43292,1.28253
1.44315,1.32764
1.5204,1.23645
1.59178,1.22921
1.53389,1.30551
1.92783,1.15829
1.55242,1.23674
1.76666,1.10471
1.66508,1.19099
1.51797,1.22852
1.93863,0.986724
1.69384,1.24733
1.94775,1.00894
1.82795,1.12494
1.8467,1.07444
1.79588,1.10326
1.44428,1.32737
1.75853,1.18384
1.89556,1.04174
1.73048,1.18143
1.74414,1.1169
1.64396,1.28125
1.607,1.24111
1.38231,1.34763
1.92519,1.0433
1.79923,1.04315
1.61612,1.25975
1.7012,1.26054
1.70419,1.24294
1.4478,1.26735
1.78663,1.14263
1.41013,1.35027
1.75016,1.17093
1.59592,1.31753
1.70547,1.14379
1.75159,1.15755
1.8422,1.10626
1.64853,1.21409
1.7078,1.23751
1.67037,1.22035
1.58432,1.2945
1.73586,1.16572
1.33937,1.3639
1.59447,1.32654
1.91955,1.02693
1.9272,1.07102
1.52625,1.20586
1.56268,1.27466
1.85864,1.13116
1.2855,1.39267
1.97334,0.936822
1.91991,1.11844
2.15369,0.94371
1.86297,0.99946
1.46848,1.28189
1.24324,1.35151
1.51372,1.31758
1.85966,1.11423
2.02717,0.979088
1.58258,1.32518
1.51435,1.2526
1.73249,1.08428
1.71467,1.18621
1.6216,1.21527
1.94815,1.04378
1.93181,0.988599
1.45312,1.272
1.70725,1.18609
1.51977,1.30386
1.91816,1.02137
1.66548,1.18536
1.51809,1.30114
1.65325,1.26523
1.94081,1.05157
1.65596,1.26211
1.652,1.18278
1.6925,1.21347
1.69741,1.13648
1.89292,1.07353
1.48308,1.35388
1.36535,1.39928
1.60872,1.26235
1.68878,1.16417
1.7734,1.10713
1.47434,1.2836
1.65108,1.18219
1.59622,1.17938
1.60456,1.30098
1.6114,1.16975
1.87163,1.08975
1.5056,1.26404
1.75055,1.21003
1.9846,0.922758
1.61026,1.30579
1.85752,1.12483
1.57108,1.26923
1.66584,1.19883
1.71095,1.16667
1.69017,1.17647
1.88875,0.980244
1.36219,1.41063
1.14685,1.40458
1.60728,1.2313
2.08601,0.936428
1.78158,1.17252
1.49901,1.25411
1.75334,1.17644
1.51418,1.29368
1.64947,1.20024
1.7353,1.1147
1.60029,1.29852
1.82142,1.04699
1.686,1.16058
1.50043,1.28646
1.7754,1.11147
1.64197,1.24313
1.37669,1.32568
1.63945,1.30521
1.44199,1.35907
1.34785,1.30533
2.01881,0.842448
1.32998,1.30527
1.65591,1.29756
1.60822,1.27468
1.50168,1.1714
1.6294,1.22627
1.80751,1.11533
1.57289,1.18901
1.74657,1.15229
1.80434,1.17395
1.68123,1.14696
1.53518,1.31311
1.70236,1.21728
1.66288,1.26789
1.53351,1.2467
1.62665,1.19124
1.65219,1.14255
1.57968,1.23818
1.80719,1.16124
1.71369,1.12865
1.81816,1.14936
1.404,1.3297
1.40393,1.29334
1.72375,1.14491
1.73206,1.14139
1.6584,1.21836
1.54616,1.28125
1.6571,1.22371
1.38128,1.30718
1.5822,1.19585
1.53516,1.33799
1.73172,1.10344
2.07062,0.912233
1.67086,1.24215
1.34523,1.30232
1.56339,1.2352
1.76789,1.067
1.56769,1.30781
1.86764,1.04374
1.81868,1.13642
1.86503,1.11239
1.79802,1.10922
1.82115,1.14025
1.47014,1.31962
1.75191,1.19006
1.81882,1.1002
1.64452,1.18059
1.79737,1.18926
1.54061,1.25122
1.50759,1.23506
1.70441,1.09249
1.75671,1.20141
1.43342,1.35444
2.13833,0.968779
1.5093,1.27817
1.35208,1.30217
1.93697,1.03036
1.45913,1.24465
1.90782,0.971657
1.35368,1.33443
1.88879,1.09266
1.54839,1.26642
1.68176,1.20878
1.71826,1.1726
1.72918,1.13316
1.57618,1.21348
1.88574,1.0771
1.55201,1.28904
1.55978,1.2101
1.63401,1.20895
1.87911,1.03169
1.47768,1.32843
1.38977,1.36832
1.90863,1.045
1.42702,1.37667
2.07543,0.986022
1.51486,1.23835
1.79941,1.16674
1.60008,1.23438
1.59746,1.23735
1.54002,1.20916
1.60155,1.2409
1.99507,0.907903
1.70548,1.22544
1.92891,1.06114
1.5756,1.30567
1.62598,1.25953
1.78778,1.16177
1.2801,1.3599
2.06925,0.972682
1.40778,1.28342
1.43456,1.28421
1.92785,1.07413
2.06348,0.879889
1.51973,1.27682
1.80591,1.14137
1.54838,1.13927
1.79303,1.17718
1.54893,1.2495
1.66212,1.18248
1.3442,1.34445
1.4982,1.22997
1.41505,1.31008
1.90081,1.01458
1.32197,1.3565
1.53213,1.28914
1.41223,1.3368
1.7706,1.18571
1.78738,1.14766
1.48145,1.32001
1.85334,1.08934
1.70545,1.14142
1.35573,1.41329
1.33232,1.35908
1.50813,1.27061
1.52923,1.3036
1.72161,1.15018
1.73596,1.11485
1.75719,1.15927
1.78873,1.09571
1.48077,1.27451
1.61017,1.2625
1.66095,1.1787
1.67623,1.19431
1.66936,1.18145
1.48879,1.28923
1.78205,1.16535
1.86367,1.13065
1.58499,1.28486
1.72352,1.20343
1.72978,1.13287
1.59852,1.23691
1.85605,1.12137
1.62473,1.19842
1.9336,1.05
1.75249,1.22038
1.72156,1.19292
1.64452,1.11546
1.39951,1.26156
1.95859,1.02901
1.53121,1.291
1.72241,1.19618
1.58544,1.2782
1.69764,1.20195
1.60998,1.22446
1.77119,1.08408
1.33151,1.34054
1.59792,1.23236
1.66156,1.15183
1.69972,1.15278
1.71563,1.16015
1.56235,1.24426
1.60337,1.24913
1.4921,1.24843
1.54352,1.19906
1.6757,1.19603
1.82745,1.09394
1.49442,1.3381
1.45741,1.30227
1.76382,1.16331
1.89944,1.04454
1.77653,1.14777
1.4286,1.29721
1.25554,1.4238
1.99925,1.0618
1.80279,0.994924
1.69871,1.17679
1.80538,1.12936
1.65474,1.16529
1.69084,1.21599
1.50257,1.25071
1.58192,1.26228
1.64459,1.19522
1.56831,1.2901
1.46414,1.37139
1.72814,1.10553
1.55958,1.26466
1.51989,1.3
1.44998,1.37736
1.60622,1.26358
1.77122,1.10958
1.75589,1.20514
1.88145,1.11682
1.70684,1.16382
1.57346,1.24806
1.73294,1.179
1.63927,1.24635
1.4706,1.35304
1.52165,1.24112
2.06031,0.929644
1.83222,1.12511
1.8923,1.07152
1.66396,1.14959
1.25366,1.39047
1.88345,1.0616
1.51207,1.32465
1.87825,1.08252
1.57575,1.29351
1.2574,1.37501
1.53908,1.24792
1.95913,1.00724
1.54553,1.26103
1.83945,1.0746
1.74395,1.1543
1.9838,0.965359
1.74368,1.09591
1.83324,1.16912
1.67652,1.13546
1.80552,1.0334
1.90618,1.08475
1.48948,1.26897
1.68745,1.16599
1.34626,1.25575
1.78614,1.09431
1.65532,1.2598
1.79023,1.18716
1.71216,1.18503
1.58979,1.26703
1.69725,1.21229
1.82516,1.16872
1.61668,1.21427
1.71957,1.18044
1.53225,1.26982
1.88259,1.07071
1.57581,1.22856
1.71596,1.13173
1.85749,1.06968
1.53581,1.21658
1.76302,1.18483
1.762,1.20988
2.04873,1.05064
1.55821,1.26828
2.02328,1.04073
1.52355,1.30075
1.54927,1.20269
1.50541,1.25695
1.60476,1.24522
1.58176,1.19259
1.70268,1.19385
1.62203,1.28699
1.78929,1.19775
1.50994,1.24297
1.55005,1.35269
1.68062,1.18203
1.68756,1.13076
1.68697,1.20255
1.81378,1.09341
1.46262,1.34681
2.15148,0.877272
1.5688,1.24439
1.56521,1.26429
1.70455,1.16474
1.82188,1.03405
1.85568,1.17183
1.4621,1.30544
1.27697,1.38876
1.75289,1.22879
1.46421,1.30229
2.08904,0.87265
1.67886,1.19792
1.43189,1.32312
1.63118,1.21708
1.61796,1.28799
1.80499,1.16284
1.7355,1.19046
1.50796,1.21919
1.74247,1.13118
1.64757,1.201
1.64835,1.23513
1.77045,1.22139
1.65362,1.18217
1.69502,1.16713
1.53735,1.22745
1.54464,1.23429
2.03727,1.02016
1.87272,1.10247
1.1857,1.38518
1.71827,1.21181
1.72736,1.1403
1.53437,1.21541
1.85837,1.09
1.70098,1.17003
1.61553,1.22752
1.40928,1.23045
1.65668,1.26109
1.85174,1.09641
1.77897,1.04565
1.67349,1.18658
1.57712,1.29465
1.88161,1.08182
1.69777,1.24361
1.95024,1.03191
1.56531,1.28361
1.77976,1.14393
1.83599,1.07308
1.86054,1.10845
1.68653,1.23716
1.70907,1.10582
1.33261,1.31484
1.8811,1.07234
1.65266,1.23185
1.99514,0.935336
1.48733,1.26599
1.80784,1.17636
1.74093,1.2279
1.66624,1.21283
1.46701,1.27684
1.95355,1.06793
1.80116,1.2633
1.70788,1.19778
1.79544,1.14489
1.79248,1.12241
1.49306,1.2694
1.9527,1.08285
1.63162,1.25917
1.73401,1.11388
1.51492,1.22803
1.6028,1.26619
1.40126,1.32408
1.82795,1.14187
1.56306,1.2416
1.50105,1.17579
1.4582,1.31707
1.72206,1.22742
1.81867,1.17195
1.77346,1.12828
1.71516,1.10968
1.71163,1.1701
1.90481,1.07742
1.61614,1.3022
1.6685,1.18217
1.46937,1.30892
1.97197,1.08466
1.7507,1.1474
1.52653,1.32275
1.47148,1.34184
1.62609,1.31521
1.71588,1.22789
1.76587,1.14108
1.78526,1.11497
1.45134,1.24885
1.60127,1.19366
1.55068,1.24673
1.55876,1.28356
1.75365,1.20979
1.42622,1.26403
1.61786,1.34335
1.58181,1.24556
1.8722,1.11915
1.81127,1.17944
1.6535,1.17612
1.57932,1.21518
1.49844,1.16809
1.58293,1.18456
1.56766,1.31983
1.84263,1.10283
1.82161,1.04202
1.63966,1.2536
1.78078,1.13109
1.90001,1.10548
1.41472,1.2738
1.57028,1.182
1.76744,1.03884
1.62222,1.20194
1.53423,1.2589
1.64203,1.20357
1.49051,1.22951
1.91993,1.04025
1.86707,1.03323
1.31062,1.36967
1.8707,1.18264
1.89888,0.957773
1.67697,1.21538
1.40336,1.36693
1.73152,1.19631
1.5801,1.2543
1.63373,1.26745
1.44356,1.2874
1.56875,1.22021
1.89847,1.07243
1.63849,1.27419
2.02762,0.964282
1.79237,1.12771
1.85367,1.15116
1.70551,1.10327
1.86596,1.00951
1.67237,1.22155
1.83279,1.16915
1.66963,1.20994
1.8869,1.08486
1.851,1.11407
2.04527,0.965574
1.79609,1.1923
1.52392,1.288
1.86374,1.16438
1.81611,1.05104
1.59201,1.23607
1.69132,1.28786
1.71656,1.21175
1.54759,1.16554
1.58744,1.17784
1.82744,1.1537
1.54923,1.29278
1.5692,1.25533
1.40313,1.3294
1.50131,1.29872
1.64997,1.19752
1.33324,1.33281
1.46456,1.3421
1.62372,1.32006
1.655,1.12057
1.73443,1.06709
1.68249,1.19525
1.87969,1.10825
1.69687,1.06517
1.89679,1.07869
1.34673,1.29708
1.49271,1.20889
1.74215,1.10468
1.54057,1.33634
1.73232,1.19844
1.96679,0.929332
1.60923,1.26816
1.65353,1.22297
1.77597,1.13021
1.68959,1.14466
1.54132,1.3173
2.02121,0.936961
1.64794,1.29774
1.40897,1.31982
1.52,1.23815
1.56716,1.28788
1.59766,1.23917
1.89567,1.11144
1.4909,1.2684
1.58219,1.28897
1.49782,1.31406
1.62488,1.18518
1.40082,1.32874
1.46126,1.26572
1.69927,1.16591
1.60104,1.25761
1.80519,1.1501
1.89525,1.09369
1.64216,1.17929
1.72509,1.11696
1.85654,1.11609
1.63139,1.23713
1.38413,1.26173
1.32895,1.32649
1.5537,1.25325
1.93837,1.04678
1.7736,1.1609
1.83406,1.06285
1.68333,1.18521
1.7304,1.11439
1.69034,1.22497
1.88335,1.07832
1.56078,1.25645
1.97991,1.00018
1.59672,1.1885
1.91618,1.02275
1.81529,1.12252
1.64674,1.21622
1.95117,1.03848
1.807,1.19282
1.58719,1.22365
1.43065,1.31944
1.61378,1.31364
1.45975,1.26808
1.679,1.25567
1.73444,1.19344
1.45868,1.34659
1.63337,1.21297
1.91323,1.00155
2.06802,0.891054
1.90505,1.12407
1.47518,1.27989
1.65037,1.16198
1.70383,1.22022
1.77845,1.06234
1.50062,1.32555
1.72801,1.16745
1.53889,1.22658
1.40825,1.32916
1.94628,1.04164
1.74306,1.11188
1.58967,1.21898
1.82074,1.13736
1.4429,1.29811
1.76081,1.19793
1.56877,1.13795
1.93698,1.09785
1.74029,1.14599
1.84585,1.10205
1.67472,1.17921
1.4853,1.31801
1.61605,1.24135
1.78874,1.18165
1.63741,1.20077
1.39577,1.29764
1.61816,1.2834
1.61059,1.23558
1.81264,1.12418
1.63759,1.18325
1.68776,1.23206
2.00604,1.07498
1.77237,1.10531
1.9176,1.06711
1.43084,1.42174
1.51655,1.29238
1.82258,1.11565
1.59493,1.2661
1.97994,1.03344
1.93033,0.990448
1.584,1.25265
1.8229,1.10635
1.71031,1.24335
1.89343,1.09485
1.73715,1.13189
2.1437,0.833863
1.84899,1.10203
1.48557,1.29967
1.85215,1.13615
1.809,1.14533
1.94632,1.00915
1.82953,1.07556
1.27553,1.39604
1.81224,1.06761
1.61936,1.2449
1.70091,1.17416
1.47522,1.25428
1.89574,1.11152
1.46198,1.31873
1.80454,1.15071
1.44904,1.31618
1.81803,1.15287
1.97733,0.958268
1.70407,1.26207
1.76831,1.12072
1.82921,1.06154
1.59006,1.27055
1.68167,1.21411
1.58115,1.22781
1.98495,1.04721
1.47543,1.26786
1.65272,1.29714
1.53522,1.26818
1.78555,1.18908
1.54799,1.20584
2.01533,1.0275
1.69147,1.20736
1.73267,1.12753
1.57289,1.28125
1.88165,1.01647
1.5914,1.28851
1.47665,1.22619
1.90386,1.10671
1.76327,1.17326
1.76949,1.09633
1.58845,1.25955
1.74109,1.17219
1.74609,1.21742
1.53717,1.27134
1.42132,1.34925
1.46617,1.3241
1.30805,1.28646
1.79051,1.14697
1.5856,1.21142
1.44701,1.3869
1.91899,1.00431
1.40748,1.34972
1.36885,1.30566
1.5326,1.33423
1.69053,1.20055
1.73177,1.12848
1.74593,1.16445
1.61895,1.27975
1.81818,1.05277
1.95447,1.01178
1.60276,1.23204
1.95256,1.01287
1.78347,1.14902
1.77465,1.1347
1.63631,1.2218
1.53305,1.29649
1.53608,1.25486
1.82529,1.14406
1.80065,1.15772
1.68628,1.20401
1.71289,1.21641
1.83489,1.11666
1.60611,1.24344
1.65676,1.23989
1.60671,1.25693
1.99479,1.08563
1.76279,1.12516
1.72629,1.14049
1.44265,1.31247
1.97183,0.956718
1.36616,1.37459
1.46639,1.29581
2.02896,0.984646
1.85531,1.1307
1.48897,1.2829
1.64157,1.17463
1.71561,1.17045
1.81104,1.13449
1.50355,1.24417
1.7502,1.16622
1.58708,1.21976
1.86998,1.16101
1.36908,1.26863
1.84948,0.986356
*
0.631472,2.98803
0.930656,3.18923
0.900789,3.4054
0.849185,3.07123
0.774846,3.23148
1.03735,3.18641
1.35215,3.3026
0.817539,3.15619
0.890578,3.13906
0.782103,3.08555
0.191304,2.91287
0.733161,3.09018
0.996284,3.20783
1.01594,3.17196
0.746875,3.03334
0.817048,2.98082
0.647823,3.03356
0.7348,3.10373
0.96318,3.15929
0.847488,3.02938
1.38368,3.20027
0.876833,3.35138
0.716002,2.91699
1.00635,3.22325
1.12882,3.49959
0.545592,2.81359
0.879246,3.03755
1.02493,3.33372
0.860098,3.0907
0.723707,3.13389
0.839267,3.0039
0.921346,3.16161
0.788463,3.33552
0.870944,3.20349
0.910162,3.02164
0.656454,2.77138
0.840677,3.0982
1.12424,3.18585
0.709935,3.1436
0.687753,2.98683
0.726988,3.12751
1.09891,3.38158
0.765398,3.20781
0.987583,3.39679
1.1395,3.35604
0.712594,3.03786
0.915715,3.19198
0.853396,3.27499
0.352306,3.00016
0.701662,3.04829
0.93885,3.27368
1.59516,3.28781
1.25775,3.32909
1.19963,3.11791
0.841773,3.05706
0.958352,2.93728
1.105,3.03779
0.73641,3.24245
1.16927,3.35711
1.16044,3.49656
0.625954,3.07858
0.988987,3.39169
1.01754,3.36094
0.759422,3.25094
0.972979,3.26025
0.688697,3.01856
2.09401,3.19876
0.885117,3.14596
0.753256,3.37436
1.53479,3.46672
1.42168,3.31338
0.962834,3.23687
0.923365,3.31775
0.938599,3.47749
1.00316,3.12882
0.576507,2.83184
0.909675,3.18311
1.03227,3.28854
0.926579,3.15835
0.8141,3.08052
0.804278,2.94247
0.68527,2.89902
0.968466,3.25387
0.829898,3.2751
0.512157,2.99932
1.04407,3.27183
1.07396,2.96323
0.825198,3.17637
0.676467,3.0137
1.47594,3.27699
0.739602,3.17158
0.993707,3.29457
0.824172,3.12212
0.992743,3.2694
0.905127,3.23343
1.57036,3.17528
1.04662,3.27316
0.75676,3.17536
0.949951,3.2935
0.951937,3.53548
0.835797,3.25951
1.35309,3.16106
1.1075,3.0733
1.10268,3.19812
1.02819,3.18536
0.597322,3.19621
0.786062,3.24599
0.78258,3.18067
0.94355,3.12251
0.721096,3.04014
0.783786,3.1068
0.982446,2.95211
0.68066,3.05216
0.950642,3.14962
0.929023,3.21337
0.948415,3.05189
0.623801,2.99197
0.698158,3.05567
0.735435,2.9696
0.720535,3.20339
1.14864,3.43257
1.15223,3.16168
0.771604,3.21391
0.74836,3.2203
0.492462,3.09572
0.657189,3.02384
1.26223,3.29729
0.8321,3.13923
0.401346,3.13915
0.915942,3.20439
0.873808,3.04578
0.945733,3.21163
1.38325,3.4034
0.767906,3.17753
1.32916,3.45795
0.934091,3.31913
0.703288,3.1495
0.820371,3.19503
0.942262,3.30341
0.659367,2.84215
1.18739,3.27212
0.885341,3.07536
0.772521,3.23433
0.535372,2.983
0.77715,3.12336
0.596527,3.13869
0.820453,3.19662
0.638922,3.15446
0.965963,3.25497
1.21095,3.0777
1.1544,3.27827
0.7998,3.06343
0.839726,3.06215
0.880421,3.33432
0.874905,3.25688
0.583225,2.9329
1.03563,3.03396
0.664797,2.95214
0.995663,3.27577
1.0999,3.25978
1.0846,3.33025
1.30987,3.4869
0.933011,3.17236
0.816519,3.15869
1.15972,3.20976
1.42311,3.09004
0.972112,3.11263
0.967622,3.29603
1.13595,3.29374
1.12782,3.26529
0.991662,3.13196
1.31007,2.9833
0.859284,3.07819
0.753295,3.056
0.712826,3.0222
1.26534,3.29512
0.889829,3.00026
0.659311,3.06678
0.7711,3.03548
0.794894,3.11182
0.915317,3.19009
0.9413,3.07418
1.04336,3.25882
0.644913,2.87456
0.900719,3.1768
0.931611,3.25058
0.960603,3.2192
0.564095,3.14687
0.983964,3.37993
1.10334,3.30625
0.738773,3.15632
0.814442,3.13638
0.973161,3.21111
1.2487,3.15984
0.207087,2.90966
0.941473,3.1439
0.719327,3.25741
1.11725,3.23558
0.43798,2.8417
0.982941,3.06885
0.705163,3.15187
1.22938,3.21065
1.00452,3.369
1.42481,3.24231
0.680643,3.14638
0.719752,2.9274
0.894121,2.96603
0.944123,3.17388
0.760578,3.11957
1.20049,3.3933
0.959743,3.18158
0.824327,2.96734
1.28583,3.03795
0.838285,3.11248
1.05014,3.22409
0.818638,3.19112
0.876979,3.19032
1.3443,3.41217
0.798269,3.03678
0.721928,3.0596
0.94286,2.96717
1.07233,3.30043
0.684185,2.93079
0.981605,3.11183
0.877324,2.95829
0.970007,3.19606
1.52325,3.4684
0.725273,3.04426
0.936269,2.95856
0.88911,3.17569
0.912158,3.17555
0.771859,2.99775
0.934786,3.12793
1.0982,3.23235
1.01043,3.04936
1.49796,3.15579
0.928585,3.17861
1.1993,3.20566
0.774846,3.19382
0.978051,3.24976
1.37106,3.26003
0.581015,2.96959
1.2248,3.29012
0.684299,3.06924
1.00833,3.39007
0.696389,3.04017
1.16696,3.32064
0.818372,3.20517
0.729225,3.33591
0.775331,3.19211
1.46516,3.20815
1.11537,3.31222
0.970238,3.39706
1.05788,3.28155
1.23786,3.4879
1.05846,3.13536
0.926391,3.12252
1.04099,3.12139
1.34013,3.32836
0.824999,3.1951
0.980505,3.12869
0.897694,3.14677
1.49073,3.30085
0.992462,3.2629
0.738881,3.03602
1.10207,3.33493
0.28604,2.91631
0.688939,3.09952
0.689944,3.04526
0.609889,3.01085
0.911791,3.31355
0.621939,2.83424
1.66702,3.372
0.733081,3.14136
0.789324,3.13838
0.831479,3.13878
0.968248,3.25086
0.798681,3.062
1.27008,3.26426
0.859415,3.18044
1.22555,3.30565
0.805679,3.14445
0.670688,3.03717
0.601382,3.27426
0.816,2.98571
1.26517,3.53185
0.770674,2.99301
1.14215,3.33181
0.656785,3.05167
1.11678,3.27474
1.25496,3.43887
0.955473,3.39661
1.14605,3.17932
0.693703,3.08095
0.923468,2.93244
0.852527,3.26543
0.66411,3.14362
1.0071,3.05646
0.950149,3.11668
1.03817,3.13802
1.97978,3.28621
1.62775,3.34674
0.68643,3.01305
0.829397,2.93457
1.29419,3.21757
1.0346,3.41105
1.13251,3.29211
0.670334,2.98619
0.836926,3.12775
1.05681,3.27719
1.01962,3.464
0.907246,3.04822
0.820214,3.11006
0.45357,3.15938
0.854463,3.03506
1.3133,3.38958
0.7429,3.07347
0.574,2.90268
1.06377,3.27039
0.944895,3.20996
1.17637,3.50223
0.683799,3.13847
0.897618,3.24031
1.0583,3.40732
0.434892,3.0644
0.785061,3.09261
0.620599,2.87784
0.868409,3.34134
0.588881,2.95301
0.963581,3.17492
0.550032,2.93024
0.856872,3.06164
1.09116,3.36464
1.42161,3.34316
0.679799,3.20977
0.856315,3.10202
0.904239,3.1163
0.714909,2.96756
0.71446,3.09544
0.90434,3.17417
0.936867,3.01002
0.80858,3.08722
0.328591,2.98507
1.26085,3.23079
0.898588,3.16889
0.979463,3.187
1.05871,3.33097
0.97907,3.13905
0.758759,2.94987
1.39889,3.35059
0.766509,3.12639
0.796559,3.02684
1.08696,3.28431
0.799196,3.18685
0.920322,3.07328
0.528333,2.846
0.809372,3.02005
0.989557,3.30138
0.613484,2.9164
0.804411,3.14991
0.754092,3.05079
0.985984,3.24925
1.30985,3.4801
0.774179,2.84531
0.723621,2.98457
0.888956,3.16476
0.978349,3.15845
0.953634,3.20368
1.21831,2.95662
0.980249,3.09209
0.760661,3.33121
0.904052,3.14149
0.95622,3.21373
1.04439,3.26241
0.936591,3.35916
0.496179,2.89561
1.412,3.30114
0.782749,3.07351
0.996275,3.30338
1.04749,3.30274
0.604601,2.96843
0.991971,3.18584
0.764337,3.17407
0.56711,2.99727
0.714244,2.94916
1.26593,3.4083
0.899046,3.18669
1.03309,2.93837
0.651502,3.11143
0.731675,2.93451
1.29381,3.29298
1.22804,3.37272
0.761095,3.01464
1.17847,3.40665
0.840063,3.12497
0.867667,3.04134
0.866955,3.11572
1.12316,3.1241
0.666637,3.05761
1.12874,3.10822
0.751956,2.93393
1.16584,3.02589
0.969748,3.14577
0.603107,3.12491
1.03309,3.20358
0.886253,2.96316
0.988526,3.09927
1.00371,3.28785
0.753895,3.13277
1.17216,3.38685
1.03927,3.0404
0.900147,3.07991
0.375218,3.1466
0.5604,2.98768
0.904316,3.31264
1.0987,3.14413
0.889092,3.11519
1.10244,2.91286
1.42953,2.9723
1.06436,3.0313
0.773554,3.17645
0.956069,3.08747
0.818551,3.05534
0.85688,3.08843
0.522092,3.00717
0.825513,3.18026
1.41219,3.21196
1.05036,3.11274
1.35959,3.3259
0.822971,3.08295
1.09366,3.44264
0.930793,3.27762
0.842142,2.92007
1.01746,3.25433
0.940101,3.22024
1.16478,3.24917
0.934637,3.1402
0.494825,3.08835
0.977411,3.03324
0.760553,3.08964
1.26548,3.25799
0.845096,3.19856
0.801794,3.0873
1.25109,3.33406
1.10868,3.2035
0.561643,3.10132
0.784928,2.96929
0.941932,3.10082
0.769887,3.03621
1.05858,3.29986
0.794477,3.11399
0.84681,3.14646
1.16131,3.39392
1.09688,3.28676
0.779402,3.019
0.668306,3.06801
0.871598,3.40523
0.472216,3.05516
0.817625,3.36533
0.869287,3.16053
1.09888,3.19174
1.40354,3.22735
1.2602,3.09733
0.786625,2.9886
0.961409,3.29631
0.887714,3.32119
0.910357,3.1621
1.21073,3.14902
1.10536,3.414
0.819272,3.09204
0.903057,3.16643
0.967372,3.17567
1.09811,3.19006
0.904721,3.14388
1.06786,3.20604
0.945726,3.26429
0.984542,3.18992
1.2501,3.54365
0.611262,3.12333
1.18053,3.38894
0.793261,3.15558
0.651601,3.06721
1.36402,3.42791
0.811257,3.16062
1.22416,3.1895
0.602694,3.08817
0.781379,2.97625
0.667747,3.15996
1.0728,3.38356
0.927415,3.0975
0.894825,3.278
0.60083,2.91353
0.684397,3.04758
0.617542,3.08322
0.630584,3.00494
1.24215,3.14282
0.83033,2.94453
1.02517,3.27312
1.02081,3.16349
0.965377,3.2873
0.675048,3.19236
0.84786,3.16478
1.31148,3.42903
0.485081,2.84263
0.5998,3.07704
0.949667,3.20114
0.717715,3.14037
0.999295,3.2481
0.97206,3.28008
1.30067,3.23404
0.635372,3.03337
1.01503,3.27332
0.769899,3.09207
0.872936,3.28441
0.765069,2.93596
0.881584,2.9882
1.11885,3.12132
1.2712,3.41947
1.06935,3.24597
0.954872,3.29957
1.12528,3.28986
0.944801,3.254
0.75836,2.96665
0.641895,3.13901
0.732622,3.09318
0.926677,3.28166
1.06217,3.33799
0.76824,3.13837
0.667402,3.17212
0.773627,3.18102
1.55448,3.28454
0.61057,2.85686
1.32162,3.21725
0.75286,3.03602
0.699688,3.01208
0.773988,3.29537
0.648749,2.89073
1.30257,3.35319
0.375416,2.63116
0.705143,3.20173
1.07379,3.33687
1.01175,3.23849
0.991402,3.0488
0.842786,3.16001
1.07093,3.34381
1.03449,3.32315
1.10967,3.27042
1.12029,3.28351
1.01969,3.28285
0.80651,3.09441
1.06276,3.21445
0.918642,3.2911
1.04223,3.39665
0.827398,3.07565
0.90346,3.22585
0.827812,3.29901
1.18989,3.36852
0.820382,3.16247
0.899615,3.1194
0.895441,3.17047
0.714742,3.16099
0.780872,3.1232
0.647656,2.95208
0.843329,3.37356
1.01908,3.26912
0.782598,3.13463
0.916848,3.09916
0.614422,3.21548
1.02112,3.1346
1.08794,3.03632
0.291982,2.94561
0.431848,2.77019
0.781044,3.05325
1.34873,3.47889
0.890715,3.16836
0.856337,3.12921
0.831693,3.08069
0.637208,2.8453
0.765898,3.23057
0.941065,3.12448
1.26343,3.21365
0.990079,2.99648
0.8007,3.26924
0.706806,3.03684
0.73792,3.12472
0.812844,3.14219
1.03045,3.04754
1.57794,3.36546
0.950232,3.21693
0.955581,3.29714
0.844279,3.32718
0.934741,3.07138
0.697844,3.02208
1.37025,3.28185
0.921172,3.249
0.93944,3.26136
1.01511,3.24724
0.998213,3.33011
0.598302,3.1069
0.614935,3.03618
0.694708,3.11019
0.64592,2.98539
1.04094,3.20038
0.825395,3.12944
1.23547,3.32149
0.890767,3.25351
0.598088,2.94445
0.883773,3.13823
0.755634,3.05543
0.668599,2.97459
0.942444,3.32677
0.879413,3.18578
1.13023,3.38717
0.920333,3.19766
0.674108,2.94387
0.488458,2.83473
1.31151,3.4237
0.778268,3.01097
0.688431,3.16916
0.735124,2.95519
0.879435,3.1503
1.09087,3.43666
0.81914,3.33865
0.832431,3.12435
0.959565,3.15773
0.894838,3.32486
0.713881,2.97398
1.01019,3.37528
0.93575,3.15981
0.779589,3.15661
0.701886,2.93183
0.821705,3.13024
0.932245,3.35621
1.18754,3.49402
1.12478,3.03699
1.03597,3.3198
1.13124,3.32872
0.774663,2.99385
0.816056,3.19777
1.04066,3.10125
1.01221,3.01638
0.854326,3.15319
0.863647,3.07645
1.0793,3.31159
1.14988,3.07652
0.759233,3.12435
0.77435,2.96087
1.03492,3.25978
0.623409,3.01243
0.933702,3.11154
0.763695,3.09133
0.936684,3.31916
0.661101,3.05423
1.01516,3.17226
0.456567,2.96578
0.729444,3.09764
0.877188,3.1025
0.759659,3.0415
0.529396,2.9958
1.00067,3.27063
0.898221,3.18149
0.541524,2.84088
1.18267,3.19013
1.43749,3.2028
0.715965,3.17112
0.546945,3.18161
0.830406,3.16737
0.826519,2.83019
0.810623,3.2803
1.05456,2.90471
1.04082,3.39443
0.753981,3.19697
0.796107,2.96464
0.858506,3.15578
1.16635,3.03191
0.849705,3.02315
0.71848,3.24076
1.18555,3.23876
0.91164,3.20253
0.652721,3.0405
1.05845,3.18127
0.905401,3.0643
0.998418,3.1982
1.12368,3.23194
0.520611,3.02909
0.543114,3.08764
1.12882,3.40564
0.882134,3.17341
0.682025,2.99886
0.872867,3.18607
0.760225,3.00107
0.649576,2.99624
0.711962,3.11287
1.07554,3.11286
1.05769,3.32785
1.17621,3.45426
1.00426,3.38313
0.948436,3.27058
0.365133,2.97108
0.514109,2.87242
0.857891,3.33642
0.965301,3.238
0.521394,3.01385
0.387347,3.02929
1.06699,3.25664
0.846606,3.09681
0.827535,3.09591
1.15744,3.41003
0.878287,3.29589
1.71416,3.44346
1.05705,3.24139
0.840538,3.10294
0.790165,3.13572
0.800062,3.08492
0.997336,3.42578
0.854193,3.07261
0.814318,3.03963
1.6464,3.19452
0.894825,3.25483
0.842192,3.27097
1.48359,3.41535
0.167951,3.02155
0.599328,3.21363
0.697577,3.09885
0.878155,3.03242
1.67736,3.38243
0.900362,3.17004
1.04845,3.17151
1.46338,3.24449
0.844551,2.97141
0.59762,2.98395
0.569034,2.939
0.90538,3.234
0.771995,3.1151
0.794904,3.14809
0.632897,2.93427
0.638176,2.87256
0.85128,3.19501
0.960289,3.01247
0.634612,2.8856
0.753976,3.07555
1.05995,3.30861
0.553692,2.84674
0.762156,2.92817
0.948591,3.06108
1.20644,3.57977
0.873278,3.24622
0.980787,3.25289
1.27497,3.14153
1.93731,3.27484
0.598744,3.09092
0.706259,3.02138
0.889115,3.08088
0.583078,2.96321
1.26141,3.21074
0.852138,3.22043
0.540337,3.12207
0.702614,2.93514
1.01618,3.27005
0.398525,2.96539
0.796593,3.13295
0.764432,3.253
0.724087,3.26968
0.824365,3.22987
1.08446,3.40417
1.17062,3.0877
0.632509,3.13526
0.724647,3.10457
0.713551,3.15055
0.798541,3.24931
0.840571,3.09413
1.23221,3.40545
0.619019,3.18279
0.790098,3.15056
1.02565,3.19231
0.983735,2.99141
0.991254,3.05963
1.17781,3.28318
0.667765,2.94853
1.09737,3.3298
1.03358,3.32443
0.735632,3.0636
1.40725,3.24331
0.723418,3.27945
0.989208,3.15416
0.574624,2.98937
0.672203,3.11472
0.636673,2.89819
0.874412,3.15303
1.36013,3.2407
0.901898,2.98688
0.648716,3.09303
0.88217,3.02784
0.988086,3.25676
0.741885,3.18106
0.77513,2.93964
0.923393,3.31883
0.550884,2.95858
0.95592,3.18677
1.14973,3.14215
0.772913,2.92916
0.733949,3.2041
0.848176,3.28688
1.23316,3.40537
0.645167,2.96778
0.76814,3.20806
1.10147,3.10968
0.506535,2.89589
0.678708,3.28402
0.951332,3.05771
0.917626,3.13657
0.855124,3.18544
0.964004,3.22944
1.05235,3.06408
0.742208,3.20317
0.815825,2.92154
0.722955,3.25869
0.893903,3.39705
0.741175,3.11637
1.46724,3.36887
0.744205,3.26302
1.06133,3.35261
1.05884,3.32604
0.851399,3.11562
0.787128,3.2255
1.08528,3.06007
0.790524,3.10536
0.877139,3.05522
0.905085,3.04054
0.877606,3.00869
1.20198,3.27218
0.973931,3.33382
1.0666,3.37038
0.805504,3.27925
0.387283,2.96024
1.01363,3.1853
1.48414,3.44198
1.04574,3.34313
1.09731,3.35243
1.01154,3.17182
1.06032,3.32756
0.946781,3.26895
1.11953,2.90714
0.858757,3.19587
0.755226,3.10784
0.636279,3.01469
1.00119,3.20647
1.00799,3.1911
0.980608,3.11618
0.896238,3.23037
1.46908,3.39021
1.38727,3.12174
1.09572,3.25071
0.77543,3.03007
0.886605,2.9758
1.08139,3.22831
1.17952,3.04461
0.978559,2.98101
1.49018,3.24004
0.558842,2.69175
0.974708,3.08832
0.980816,3.25404
1.16236,3.19934
0.979296,3.19187
1.15243,3.12818
1.10771,3.42542
0.967029,3.13249
0.773852,3.18999
0.725987,3.15946
0.928727,3.02033
0.934427,3.19129
1.02047,3.15391
0.873824,3.12306
1.28418,3.56166
1.12838,2.95025
0.814472,3.10045
0.773195,2.99393
0.92011,3.25095
0.869718,3.14104
0.636665,3.07454
0.964104,3.17477
1.05143,3.08289
0.85047,3.23605
0.526619,3.00527
0.874514,3.29554
0.672015,2.95598
1.02973,3.02551
1.22724,2.93985
0.959398,3.10141
1.18526,3.19494
1.06728,3.05969
0.732257,3.06556
0.789633,3.21136
0.816291,3.10707
1.26322,3.2641
0.882381,3.35099
1.12848,3.26854
0.416253,2.91171
1.00638,3.33072
1.06089,3.35103
0.764511,3.12492
1.16628,3.13975
0.942649,3.14011
1.24356,3.17704
0.789501,3.07341
0.60262,2.98596
0.619738,2.93911
1.05276,3.37622
0.668018,3.11595
1.09744,3.30007
1.01384,2.91226
1.23226,3.31767
0.872191,3.19115
1.64542,3.20095
0.953117,3.14331
0.48542,3.20546
0.904574,3.38859
0.676416,3.10616
1.19319,3.43976
1.24703,3.06977
0.509451,2.94632
1.04504,3.2247
0.964587,3.29775
0.84661,3.3133
1.04073,3.23803
0.99231,3.23593
1.20363,3.34178
0.863443,3.17943
0.482432,2.86736
0.910767,3.18028
0.831806,3.29992
1.57879,3.3421
0.574888,3.0441
1.00784,3.28694
1.0565,3.28007
1.04697,3.22921
0.861787,3.25216
0.945225,3.32145
0.797567,3.20023
0.563916,3.09055
0.655448,3.04022
1.14543,3.18592
1.2494,3.49823
0.86915,2.95106
0.987022,3.10231
1.2691,3.35935
0.709718,3.17476
1.13427,3.19396
1.1087,3.35339
1.02018,3.18905
0.775225,3.00647
0.94761,3.13572
0.551509,2.9606
0.780275,3.17407
1.12459,3.34897
0.751373,3.0164
0.921726,3.35947
1.06091,3.46364
0.563631,3.02617
0.575601,2.88977
0.782487,3.14834
0.880686,3.11938
0.818219,3.28154
0.635142,3.00861
0.759369,2.96159
0.764437,3.23508
0.920673,3.15464
0.753432,2.88326
0.993569,3.31243
0.958099,3.16899
0.875474,3.28069
0.819978,3.02747
1.07712,3.19263
0.737716,3.07972
0.747916,2.91559
0.897411,3.21482
0.849374,3.07822
0.701029,3.07598
0.79893,3.00284
1.13376,3.30499
1.00857,3.23449
0.927354,3.27363
1.04298,3.23075
0.800356,3.16945
1.45757,3.15579
0.967085,3.0236
0.766088,3.10344
0.821499,3.15831
1.3047,3.18699
0.932186,3.37698
0.29338,2.90109
0.734852,3.13974
0.956891,3.19863
0.587506,2.87289
1.03727,3.19748
0.790855,3.28837
0.661225,3.10726
1.01774,3.33989
0.478062,3.20195
0.989622,3.21261
*
-1.19344,3.21105
-1.04904,3.20685
-1.00252,3.35654
-1.0302,2.79388
-0.987627,3.38243
-1.09976,2.72123
-0.965446,3.00367
-1.01043,2.87032
-0.916739,3.25415
-1.16085,3.14936
-1.0001,3.36157
-1.15931,3.04635
-1.15588,3.3478
-1.04505,3.07323
-0.951285,3.1814
-0.839263,2.68142
-0.897579,2.75354
-1.00028,3.05748
-1.01325,2.75344
-1.19167,3.22549
-0.994144,2.90312
-0.888022,2.82282
-1.05979,3.26205
-0.976127,3.37494
-0.999067,2.468
-1.11082,2.88563
-1.07485,3.30047
-1.05695,3.17007
-1.12988,2.82806
-1.04055,3.10898
-0.874749,3.53685
-1.15492,3.00351
-1.20654,3.13402
-0.803128,2.77501
-1.00066,2.85559
-1.03695,2.89847
-1.14816,2.95061
-0.862357,3.2515
-0.907679,3.42255
-0.817862,2.58497
-1.029,3.04049
-0.883272,2.89859
-1.14359,3.0735
-1.07794,3.30544
-1.04364,3.1537
-0.859527,2.66581
-1.20117,3.00662
-1.09404,2.93879
-1.05543,3.09796
-0.820176,2.77439
-1.06003,3.63177
-0.771682,2.52371
-1.03642,3.23431
-0.986133,2.76738
-1.26122,3.06736
-1.18655,3.36364
-1.0866,2.91413
-1.30975,3.27815
-0.998198,2.90143
-1.15627,2.92558
-0.985623,2.8794
-0.926917,3.04573
-0.92421,2.75799
-1.13793,2.47486
-0.835805,3.097
-0.876489,2.4142
-0.80654,2.818
-0.948542,3.17297
-1.1687,2.82621
-1.07009,2.89387
-0.690788,3.04326
-0.980242,2.93288
-1.09928,2.88343
-1.20701,3.68092
-1.07009,3.16592
-0.86603,2.29182
-0.924163,2.87449
-1.08759,3.16326
-1.25834,3.04321
-0.904426,3.87976
-0.96327,3.49435
-1.23209,2.82876
-0.743374,3.12309
-1.27357,3.12967
-1.13378,2.99108
-0.820587,2.82409
-1.25406,2.85934
-1.1103,2.65622
-0.934113,2.88881
-0.931616,3.37596
-1.16627,3.1902
-0.859035,2.58176
-0.804498,2.80046
-0.955647,3.05986
-0.965827,3.38844
-1.05938,2.82909
-0.84522,2.70958
-1.12434,3.63154
-1.34275,3.59207
-1.01352,3.1383
-1.18399,3.23794
-0.956228,2.97699
-1.11626,2.4875
-0.889904,3.36192
-1.11501,3.64032
-0.987535,2.88295
-1.05568,3.18719
-1.03932,2.98661
-1.11071,2.85763
-1.07613,2.92045
-0.970814,2.76432
-0.999645,3.0363
-0.924267,3.22991
-1.00202,3.16221
-1.12599,3.81203
-0.780591,2.78968
-1.06555,2.8676
-1.00346,2.88586
-0.946288,2.60531
-1.21789,3.19218
-1.08681,3.08352
-1.19814,3.07583
-1.06384,2.97979
-1.31766,3.28464
-0.918383,3.54491
-1.07641,3.29013
-1.04388,3.08716
-0.991878,2.8453
-1.11139,3.04759
-1.10217,3.48603
-1.11167,2.73192
-1.05161,3.0559
-1.20615,3.24957
-0.885836,2.95544
-0.958802,2.8878
-1.13314,2.37942
-1.01701,2.68697
-0.812748,2.84465
-1.04254,3.00155
-1.14837,2.95083
-1.09826,3.49869
-0.936268,2.85757
-1.09055,3.19898
-1.23639,3.28408
-1.0571,2.99699
-1.29644,3.20605
-0.989185,2.72101
-1.09029,3.04334
-1.21072,2.79455
-1.04716,3.37126
-1.21777,3.02022
-1.04747,3.113
-0.956569,2.9659
-0.986896,2.91489
-0.798233,3.04186
-1.04575,3.07643
-0.968435,2.65724
-1.20972,3.12387
-1.03768,3.14381
-1.13281,3.22933
-0.919417,2.96336
-1.12455,2.80651
-1.26735,3.24734
-1.24851,3.07356
-0.932446,2.98901
-1.0945,2.63745
-1.21253,3.31904
-0.919243,2.89737
-0.875727,2.81394
-1.18796,3.45828
-1.03233,3.20086
-1.09598,3.83576
-1.02102,3.37227
-0.960982,3.20515
-0.950818,2.84355
-1.04381,3.18698
-1.02135,3.04472
-0.848829,2.86761
-1.0825,3.00477
-1.15169,3.17297
-0.955823,3.4219
-0.932435,3.17899
-1.18934,2.94973
-1.2549,3.15809
-1.0604,3.18659
-0.771727,2.7967
-0.91644,3.10975
-1.18047,3.11885
-0.800336,2.80511
-1.50577,2.8734
-1.03098,2.70503
-1.10528,3.44755
-0.967145,3.57384
-1.03975,2.48392
-0.901172,3.02834
-0.967501,2.91714
-0.929236,3.02923
-1.06945,2.78294
-1.12008,3.32698
-1.02076,3.28135
-0.908344,3.09984
-1.11911,3.26113
-1.14674,3.1692
-0.530117,3.39686
-1.21798,2.91167
-1.1598,3.20248
-0.956278,3.034
-0.917908,3.34001
-0.92776,2.82809
-0.990837,2.98784
-0.991776,3.31036
-1.02778,2.93931
-1.21056,2.91043
-1.3439,3.68998
-0.91694,2.83098
-1.19813,2.92851
-1.04614,3.24688
-1.12965,3.02116
-1.31252,2.74358
-1.28091,2.57742
-1.23511,3.0281
-1.05844,3.29822
-1.02685,2.54915
-0.978851,2.98139
-0.848861,3.61293
-1.08546,3.18097
-1.37603,3.39247
-1.14533,2.96132
-1.19459,3.53575
-1.08296,3.42406
-0.96623,2.60202
-1.075,3.20517
-0.817295,2.80641
-1.15565,2.98037
-0.967263,2.90772
-0.992643,3.1883
-0.996298,3.20068
-1.2447,2.86777
-1.09715,3.31387
-0.952096,2.93009
-0.987485,3.24399
-1.19051,2.7324
-1.1828,3.49301
-1.49457,2.49636
-0.979661,3.04275
-0.835422,2.53182
-0.860131,2.59668
-1.04399,3.60443
-0.894202,2.73773
-1.2486,3.11251
-1.14752,2.72934
-0.946429,3.8617
-1.26509,2.54431
-1.1313,3.20518
-1.02854,3.055
-1.22049,3.30468
-1.24279,2.92891
-1.30805,2.61857
-0.924146,2.87232
-0.98865,3.31014
-1.11655,3.50071
-0.945622,2.51923
-1.12946,3.22054
-1.03098,2.89217
-1.09492,3.47388
-1.00657,3.17156
-0.945129,2.95307
-0.753466,2.49041
-1.27096,3.47323
-1.22145,3.54851
-0.9909,3.0245
-0.962837,3.03473
-0.995143,3.31713
-0.812247,3.19045
-1.13701,3.11728
-1.08202,3.2221
-0.996469,3.13127
-1.02174,2.78572
-1.01129,3.01309
-1.24936,3.3416
-1.1342,3.29892
-1.01516,3.73922
-1.00687,2.88728
-1.05149,3.1438
-0.997914,3.05303
-0.986494,3.12742
-1.00307,2.93231
-1.06379,2.80042
-0.99948,3.21981
-1.02463,3.10458
-1.21877,2.9612
-0.991247,2.97335
-1.08113,3.10647
-1.35317,3.13551
-0.886007,2.90747
-1.13827,3.4845
-1.05222,3.22851
-1.03615,2.87652
-1.12727,3.21249
-1.13132,3.04747
-1.09578,3.44559
-0.81424,2.69376
-0.976189,3.02958
-1.02556,2.96482
-1.05103,3.18995
-1.07354,3.18853
-1.02806,3.34074
-0.974617,2.94278
-1.09617,3.00319
-1.1866,3.1374
-1.14383,2.85502
-0.841861,2.51667
-1.05615,3.00694
-1.13504,3.23633
-1.08758,3.20475
-1.07812,3.1765
-1.14915,2.97583
-0.88506,2.61278
-1.02247,3.15936
-1.02063,3.41898
-0.887082,3.01585
-0.97544,3.21856
-1.05984,3.34827
-1.10369,3.30034
-1.13857,3.81463
-0.969957,2.89286
-1.19279,3.64914
-0.942809,2.94796
-0.919979,2.65687
-1.07932,3.1982
-0.994848,3.21477
-1.02048,2.91046
-1.14881,2.7897
-0.997813,2.90285
-1.07216,3.47931
-1.05663,3.13521
-1.06696,3.0673
-1.05176,2.80012
-0.677443,3.44465
-1.12584,3.06574
-0.930182,2.90355
-0.933508,2.95779
-1.19751,3.28529
-1.11306,3.54228
-0.939872,2.69287
-1.06013,3.28393
-0.953133,2.82639
-0.970094,2.97899
-1.01382,3.13456
-1.04502,2.91327
-0.853475,2.96871
-0.766517,2.6855
-1.09143,3.30635
-1.05929,3.13516
-1.13522,3.41593
-0.807704,2.64785
-0.808132,2.72938
-1.23315,3.12245
-1.13545,3.33784
-1.01531,4.00109
-1.20274,2.65158
-1.01667,3.53968
-0.862442,3.34496
-0.946959,3.20993
-1.12636,3.49659
-1.10403,3.16211
-1.20469,3.63521
-0.848117,2.43777
-0.992608,2.80613
-1.33661,3.14746
-1.03043,2.88622
-1.15148,2.8854
-0.914608,2.4211
-1.04986,2.71121
-0.987292,2.66626
-0.832784,2.64501
-1.08126,3.2359
-1.03084,3.39508
-1.07015,3.63547
-1.08962,3.35728
-0.984995,3.06854
-0.960956,3.04278
-1.21789,3.25319
-1.14307,2.97015
-0.962941,2.93108
-1.07706,3.13665
-0.947166,3.09109
-1.19452,3.32408
-1.3191,3.16097
-1.03442,2.80238
-1.11982,3.01736
-1.09927,3.65657
-1.0152,3.17769
-0.775763,2.79005
-1.28459,3.61404
-0.757347,2.67002
-1.13355,2.33654
-0.898837,3.318
-1.08348,3.41315
-1.06831,2.97593
-1.08844,3.0592
-1.46325,2.95198
-1.18235,3.69006
-1.15365,3.1777
-1.08051,3.04514
-1.00735,2.73522
-0.761376,2.81115
-1.19078,3.36198
-1.1983,3.34666
-0.933507,3.09123
-1.02907,2.8402
-1.07115,2.74032
-0.696892,2.43402
-1.16789,3.09587
-0.921977,2.96013
-1.0163,3.58652
-1.26979,2.62632
-1.13883,2.66284
-1.18707,3.02728
-1.01328,3.00373
-0.960048,3.01973
-0.916609,2.98856
-0.993029,3.04133
-0.921565,3.10979
-1.1978,3.03281
-1.10226,2.91883
-1.18722,2.93096
-0.951085,3.10642
-1.03653,3.21379
-0.750927,3.76828
-0.945026,3.07323
-0.859409,2.69217
-0.992881,2.88505
-0.882487,3.17675
-1.27978,3.48634
-1.00046,2.99796
-0.957163,2.69089
-0.88049,3.45877
-1.07417,3.15426
-0.973604,2.7834
-0.862545,2.97439
-1.15811,3.46043
-0.879555,2.53748
-0.835893,3.11979
-1.08429,2.96872
-1.26042,2.73539
-1.06848,2.81389
-1.14118,3.07299
-0.775152,2.28301
-1.13696,2.94436
-0.813563,3.05103
-0.864394,3.14027
-1.28858,2.69242
-0.938098,2.90944
-1.01774,2.91023
-1.01325,3.61449
-0.956463,2.92308
-1.02148,3.56613
-1.1337,3.25225
-0.891759,3.63578
-0.784317,2.71317
-1.07628,3.38266
-1.11432,2.8036
-0.971482,2.75875
-1.11787,3.36756
-1.1736,3.2153
-1.1868,2.79749
-1.02292,2.77289
-0.94906,2.56236
-0.996774,3.24592
-0.865488,2.85284
-0.908294,2.27952
-1.03689,3.00627
-1.07687,3.50048
-0.950299,2.93304
-0.802203,2.74171
-0.847984,2.87238
-1.11604,3.25508
-1.04151,3.18372
-0.969137,2.83098
-1.13097,3.33574
-0.948238,3.07284
-0.849691,2.76073
-1.01262,3.58451
-1.0877,2.78018
-1.2093,3.11506
-0.981333,2.76914
-1.11449,2.93112
-1.10191,3.03287
-1.07724,3.38686
-0.951115,3.29035
-1.05214,3.22082
-1.03706,3.00907
-0.943499,3.01091
-0.815705,2.18958
-1.01067,2.97069
-0.98745,3.16356
-0.938417,3.15719
-1.07463,3.19521
-1.30645,3.65984
-1.09853,3.18105
-1.06539,3.19114
-0.977847,3.22285
-0.682161,4.08296
-0.981162,3.02501
-0.879903,3.36721
-1.10058,3.23785
-0.970401,3.53873
-1.2486,2.89765
-1.10018,3.83956
-1.05467,2.88364
-0.893935,3.42782
-1.0458,2.72484
-1.01109,3.58595
-1.01264,3.02666
-0.900665,3.07652
-1.05227,2.94757
-1.03508,3.23061
-1.09338,3.54463
-1.35233,3.05067
-0.86513,3.03397
-1.17308,3.13425
-1.01387,3.06686
-0.950506,3.0991
-1.02656,2.99806
-0.868744,2.68696
-0.992345,3.04644
-0.788986,2.99959
-1.2057,2.98176
-1.14498,2.63519
-1.07045,3.37689
-1.05058,2.49816
-0.918428,2.78863
-0.980251,3.06869
-1.21151,2.95258
-1.14176,2.95913
-1.40248,3.68749
-1.13573,3.17883
-0.945625,2.78277
-1.02534,2.71952
-0.804833,2.82091
-0.998938,2.99968
-1.23486,3.34378
-1.03897,3.50965
-1.16577,3.38806
-1.03325,3.60861
-1.21474,3.19731
-1.00551,3.30985
-1.12591,2.49545
-1.40075,3.39491
-0.836996,2.54811
-1.11509,3.20582
-0.926952,3.12757
-1.20363,2.9044
-0.941448,2.76812
-0.85014,2.92882
-0.919397,2.77002
-0.933261,3.04708
-0.988921,3.04252
-1.05633,3.00485
-0.983739,3.08774
-1.16915,3.24504
-0.959484,3.02084
-1.03295,3.29173
-0.940244,2.51319
-1.07762,2.76845
-0.975764,2.88693
-1.03016,3.27157
-1.05281,3.036
-1.03645,3.17257
-0.988611,3.07331
-1.01819,2.74896
-0.833582,2.88666
-1.12155,2.96682
-1.11488,3.86792
-1.11833,3.02388
-1.09278,3.08781
-1.05601,3.2547
-1.06853,3.14809
-0.986948,2.95045
-0.984212,3.02208
-1.00972,2.78953
-1.00074,3.1367
-1.2528,2.83537
-1.06474,3.2872
-1.0544,3.20335
-0.775141,2.77381
-0.979855,3.14403
-1.11956,3.55371
-1.0154,2.48422
-1.03657,2.94662
-0.882698,2.58425
-1.12982,2.99971
-0.859864,2.81871
-1.10125,3.16901
-1.00004,2.80271
-1.25983,2.90708
-0.988277,2.88457
-1.08683,2.93708
-0.952771,2.87501
-0.948064,2.79558
-1.13759,3.09429
-0.949405,2.97212
-0.805087,2.77356
-1.09488,3.12042
-1.10137,3.47617
-0.981171,3.00893
-1.03802,2.42371
-1.17007,2.80124
-1.01221,3.06047
-0.983971,3.14804
-0.846267,2.52298
-0.870005,2.79791
-1.05876,3.28398
-1.0372,3.09357
-1.42319,2.19014
-1.45965,3.80236
-0.996759,2.88486
-0.907063,2.69448
-1.08807,2.99586
-0.986489,3.10614
-1.0581,2.94392
-1.16012,3.16893
-1.08351,3.09911
-1.01606,2.94616
-0.914304,2.87305
-1.13949,3.33693
-1.02049,3.35339
-1.01878,3.09696
-0.985164,2.88858
-1.10616,3.30745
-1.0386,3.10703
-0.944783,2.63922
-1.06275,2.869
-0.667565,2.82505
-1.20316,2.99371
-1.08305,2.97122
-1.07441,3.28636
-1.04799,3.19985
-0.800146,2.72678
-1.01951,3.0434
-1.05777,2.92178
-1.01801,2.77637
-1.02512,3.29049
-1.13059,3.81953
-1.13517,3.32873
-1.20868,3.27204
-1.1041,3.40171
-1.01203,3.20369
-1.03287,2.831
-1.29267,3.56404
-0.962339,3.00428
-0.88164,2.94858
-0.830994,2.72123
-1.08482,3.03225
-1.01638,3.11134
-1.11944,3.25863
-1.02043,3.03817
-1.06189,3.40922
-0.882096,2.91278
-1.14369,2.59347
-0.846009,3.13706
-1.28138,2.79397
-1.06861,3.47139
-1.02758,3.00815
-1.16364,2.51661
-1.18273,3.25518
-1.22603,3.10162
-0.95144,2.70955
-1.16367,3.42978
-0.964671,2.6682
-1.01805,2.95985
-1.10428,3.24998
-1.04275,3.34354
-0.908733,3.50982
-1.1921,3.03207
-1.21002,2.98359
-1.0345,2.87918
-0.810244,3.17714
-1.06456,3.29041
-1.0479,2.6005
-0.931341,3.88485
-1.00356,2.78047
-0.954815,3.72488
-0.974666,3.0215
-1.17711,3.25938
-1.11127,2.89823
-1.06066,2.80925
-1.09976,3.52203
-1.0411,3.15584
-0.863834,2.60593
-1.11557,3.40216
-1.18673,3.06003
-0.823233,2.91264
-0.999135,3.24775
-0.885545,3.35659
-0.933559,3.0372
-1.09703,2.45967
-1.0563,2.73468
-1.48218,3.1078
-0.985501,3.50655
-1.17604,3.6283
-1.09408,3.12476
-0.98319,2.9564
-1.41659,3.29038
-0.830197,2.7543
-0.975902,2.83345
-0.852787,2.79825
-0.997917,2.5286
-0.910098,3.43773
-1.01596,3.28192
-1.25338,3.03943
-1.04143,3.04255
-0.845479,3.1618
-1.34067,3.44701
-1.02622,3.06619
-1.0395,3.21309
-1.0053,2.77132
-1.17938,3.03866
-1.03482,2.95916
-1.18202,2.712
-0.941258,2.90569
-1.06283,3.32742
-1.07231,2.99142
-1.19379,3.14978
-1.15117,2.99194
-0.980848,2.99247
-1.07169,2.88159
-0.986665,3.62686
-1.06915,3.26646
-1.03495,2.93873
-1.08352,3.41353
-1.11018,3.5496
-1.05385,3.0144
-1.24121,3.43618
-1.21319,3.06597
-1.27678,2.81274
-0.952124,2.92031
-1.08161,3.50055
-0.758433,3.14864
-1.00991,2.90491
-0.79067,2.64637
-1.20081,3.56572
-1.02678,3.18021
-1.00288,3.12538
-1.04835,2.66686
-0.955377,3.81019
-0.995107,2.91831
-0.972605,2.77943
-1.01242,2.87483
-0.950712,2.4526
-1.25446,3.26388
-0.912662,2.91693
-0.895395,3.4267
-1.17544,3.16041
-1.01873,3.03327
-0.95526,2.97693
-0.945618,2.6725
-0.903016,2.71906
-0.980562,2.63007
-0.772376,2.73402
-1.14551,2.88816
-0.941778,2.79637
-1.25842,3.46588
-0.911241,2.97418
-1.06568,3.1587
-1.01453,2.76785
-0.915902,2.80017
-0.855924,2.72877
-1.01073,3.21763
-1.00582,2.99405
-0.871265,2.87732
-1.16343,3.02339
-1.07344,2.70723
-0.863022,2.86548
-1.21211,3.35053
-0.770747,3.9108
-1.0908,3.2437
-1.14752,3.17303
-0.847542,2.52536
-1.08018,2.69803
-1.16971,3.09767
-1.01278,2.91711
-1.00978,2.84941
-0.98901,2.99137
-1.08112,3.62623
-0.993018,2.59479
-0.96488,2.76067
-0.820264,3.26108
-1.00031,2.90821
-0.974344,2.90328
-1.02683,2.97159
-1.17759,3.16392
-1.15478,3.53295
-1.07427,2.84916
-0.868605,3.32907
-1.10317,3.34686
-0.953076,2.85137
-1.05559,3.07943
-1.22336,3.17286
-1.03269,3.70416
-1.10459,3.42487
-1.25177,3.07104
-1.24825,3.45544
-0.904232,2.48098
-0.953928,3.05789
-1.14827,3.17234
-1.11414,2.97801
-0.991278,3.64543
-1.1683,3.60279
-1.07482,3.02207
-1.1811,3.35135
-1.04225,2.47587
-0.989024,3.57427
-0.792385,3.09187
-1.34062,3.04151
-1.0275,2.57876
-1.29592,2.82057
-0.909618,2.98733
-1.0875,2.72797
-0.945944,3.11136
-1.20749,3.30499
-1.14224,3.14613
-1.02054,2.98914
-1.26579,2.39845
-1.14465,3.14816
-1.2124,2.56327
-1.1209,2.99671
-0.970137,3.09053
-1.09342,2.59844
-1.02128,3.11758
-0.915233,3.81052
-0.976052,3.27302
-1.08572,2.98309
-0.970958,3.05704
-0.985677,2.98577
-0.972222,2.92498
-1.01526,2.78591
-0.972264,2.66123
-1.07974,2.67261
-1.0521,2.73749
-0.944229,2.9728
-0.989185,2.8013
-1.24519,2.91725
-1.00731,3.24221
-0.837118,2.98561
-1.05066,3.09517
-1.04757,2.8181
-1.04368,3.48086
-0.923276,2.91867
-0.967302,3.20327
-0.986837,2.72816
-1.1271,3.67537
-1.15275,3.23469
-0.83372,2.77131
-1.009,3.21679
-1.04574,3.33812
-1.09751,3.20023
-1.18949,2.86616
-1.20505,2.94012
-1.10275,3.22977
-1.01739,3.15477
-1.38382,3.07617
-1.05769,3.26755
-0.902575,3.01927
-1.0504,2.83342
-0.970629,2.99466
-0.9636,3.01489
-1.12508,2.88371
-0.944442,3.11282
-1.05903,2.84482
-1.06566,3.48203
-1.11047,2.76952
-0.84896,2.9159
-1.06398,3.45841
-1.01216,3.37502
-0.898075,3.30948
-0.950584,2.8966
-1.00831,3.27839
-0.913748,2.82721
-1.14745,3.20364
-1.04375,3.57325
-1.12639,3.54155
-1.01107,3.02462
-0.775661,2.78527
-0.904252,2.76035
-0.979155,3.15565
-1.02254,2.89649
-0.859519,2.94299
-1.25873,3.07165
-1.33031,2.81548
-1.14341,3.3288
-0.952535,2.87808
-0.877519,3.19712
-0.946074,2.61575
-0.870887,2.88055
-1.06608,3.43929
-0.918402,2.72302
-1.01666,2.81251
-0.943132,2.86252
-1.00895,3.02967
-1.11428,3.26054
-0.943177,3.00492
-1.31734,2.81633
-1.02011,2.66789
-1.05358,2.6892
-1.05034,3.24162
-1.09944,3.50129
-1.14096,2.97828
-0.956879,2.78561
-0.915099,2.71274
-0.857298,2.60099
-1.2251,3.0469
-1.21378,3.21395
-1.07802,2.9932
-0.954641,3.07509
-1.02578,3.2608
-1.0171,3.11222
-1.17259,3.01415
-1.23721,3.45989
-0.91022,2.42751
-1.01998,3.24971
-1.1386,2.89595
-1.0971,3.18562
-0.925629,2.4557
-0.949452,2.59233
-1.23705,3.0445
-1.00615,2.93668
-1.23722,3.55908
-1.18155,3.33309
-0.807279,2.90196
-0.954181,2.95554
-0.908037,3.18594
-1.01695,3.88629
-1.10542,2.89128
-0.921042,2.80554
-0.959243,2.93688
-1.03555,2.68386
-0.969975,2.79639
-1.00836,3.10361
-1.12395,3.10444
-0.930286,2.52241
-1.23613,2.73125
-1.04762,3.06461
-1.02244,2.75753
-0.993608,3.1402
-0.953499,3.56472
-1.02694,3.27327
-0.924402,2.80256
-1.15205,3.40022
-0.994025,2.90095
-0.839965,3.01656
-0.929584,3.12875
-1.03674,3.10874
-1.08711,2.95469
-1.10047,3.30166
-1.12997,3.29575
-1.01773,2.9154
-1.06601,3.16806
-0.863141,2.64928
-1.1852,3.13254
-1.03525,2.8823
-0.934858,2.45232
-1.11724,2.37162
-1.02375,2.71038
-1.07845,2.93681
-0.988029,2.82031
-1.01629,3.04885
-1.16469,2.9007
-1.06622,3.11245
-1.00342,2.98495
-0.974551,2.84254
-1.09353,2.80709
-1.06991,3.08606
-0.968611,2.86937
-1.03698,3.2935
-1.13482,3.2346
-1.1782,3.22703
-1.24296,2.89858
-1.02052,3.23808
-0.753078,2.65668
-0.864317,2.81727
-0.883895,2.93869
-1.01177,3.05425
-0.95764,2.98968
-0.873303,2.55587
-0.780743,2.75822
-1.08355,3.4384
-1.04976,3.22667
-0.84393,2.87987
-1.20962,3.27293
-1.02621,2.93473
-0.739763,2.65605
-1.08992,3.57363
-1.15287,2.78957
-0.974008,3.57107
-0.964741,3.39249
-0.950362,3.24879
-0.993676,2.7125
-1.15569,3.26208
*
-1.82479,1.21925
-1.13525,1.18251
-1.83567,1.43267
-1.93415,1.37406
-1.89688,1.25152
-1.04888,1.06028
-2.10799,1.42508
-1.25878,1.14603
-1.76013,1.20303
-1.59573,1.17297
-1.77524,1.40708
-1.98485,1.53365
-1.23996,1.23153
-1.9566,1.32737
-1.52401,1.29249
-1.75906,1.35222
-1.50343,1.20209
-1.40361,1.2665
-1.66075,1.3672
-1.83709,1.30815
-1.7606,1.35938
-1.98837,1.36379
-1.75366,1.16212
-1.6929,1.10781
-1.18644,1.31907
-1.62371,1.21209
-2.34114,1.11598
-2.03125,1.14471
-1.32817,1.44163
-0.995173,1.18422
-1.45076,1.20708
-1.98118,1.59245
-1.80789,1.37623
-2.00954,1.23487
-1.31571,1.2346
-1.63734,1.33682
-1.68932,1.51509
-1.7419,1.22922
-1.53173,1.16488
-1.3873,1.34827
-1.74853,1.31605
-1.80469,1.26345
-1.12172,1.00628
-1.2883,1.34574
-1.33781,1.0216
-1.49204,1.30881
-1.93281,1.18363
-2.01106,1.35998
-2.02663,1.27876
-1.53928,1.27171
-1.80835,1.23638
-1.84147,1.5642
-2.00757,1.34783
-2.00684,1.31602
-1.9627,1.26344
-1.8846,1.20806
-1.16015,1.35039
-1.77102,1.31579
-1.46477,1.31397
-1.72485,1.21121
-1.78819,1.25932
-1.90988,1.36817
-1.78323,1.15292
-1.73452,1.31754
-1.49531,0.945359
-2.15761,1.33045
-1.88674,1.31328
-1.64814,1.43157
-1.69912,1.33419
-1.70981,1.30713
-1.60975,1.06196
-1.99136,1.29536
-1.39411,1.12265
-1.48331,1.41041
-1.77325,1.27959
-1.49994,1.00998
-1.6566,1.32466
-1.98389,1.38691
-1.66163,1.25712
-1.90595,1.37924
-1.57337,1.23942
-2.16304,1.36073
-1.96477,1.24758
-1.92841,1.40462
-2.03346,1.222
-1.18379,1.34464
-1.96949,1.33967
-1.89743,1.36881
-1.82863,1.20878
-1.32583,1.23992
-1.78747,1.30515
-1.53756,1.32837
-1.34232,1.32131
-1.53934,1.19122
-1.77956,1.31255
-1.91616,1.31499
-1.65869,1.32047
-1.56101,1.3507
-1.88221,1.3856
-1.85366,1.18019
-1.91951,1.1592
-1.43244,1.26196
-1.62575,1.22734
-2.21475,1.52042
-1.8629,1.33576
-1.71636,1.35999
-1.81071,1.26355
-1.65161,1.19124
-2.03706,1.31799
-1.86928,1.43962
-1.54885,1.18579
-1.72717,1.09485
-1.39048,1.28629
-1.57279,1.43375
-1.94882,1.25044
-1.48862,1.1
-1.86103,1.1106
-2.12673,1.28379
-1.93422,1.27347
-1.98421,1.37019
-2.16808,1.33307
-1.22053,1.29685
-2.18696,1.35452
-1.84472,1.34287
-1.04581,0.767989
-1.76166,1.31768
-1.57796,1.05232
-1.67438,1.47956
-1.90601,1.19742
-1.86197,1.3189
-1.98235,0.975337
-2.01403,1.21452
-2.06461,1.44633
-1.93678,1.40823
-1.87574,1.27738
-1.89932,1.22949
-1.99457,1.28616
-1.5871,1.35773
-1.75515,1.27759
-1.83516,1.35493
-1.59706,1.10069
-1.61168,0.979568
-1.78467,1.3212
-2.25338,1.27513
-1.85606,1.35668
-1.80598,1.31529
-1.72853,1.24048
-1.34622,1.22253
-1.49561,1.22566
-1.66208,1.26024
-1.72227,1.60337
-1.57733,1.27445
-1.00293,1.26539
-2.25262,1.46197
-1.83946,1.34066
-1.47292,1.25046
-1.76413,1.14298
-1.74365,1.45679
-1.30531,1.16622
-1.50845,1.24036
-1.33356,1.17119
-1.85342,1.34972
-1.36847,0.801508
-1.89688,1.26341
-1.18077,1.26165
-1.56958,1.27337
-2.18114,1.37843
-1.81848,1.40536
-2.08602,1.31344
-1.67527,1.27789
-1.88658,1.30127
-0.79573,1.23706
-1.46675,1.12713
-1.35138,1.2819
-2.09048,1.25309
-1.97322,1.32552
-2.30445,1.616
-1.5749,1.36
-1.54479,1.40536
-2.05825,1.32473
-1.579,0.839379
-1.86125,1.34068
-1.4877,1.04148
-1.17075,1.06342
-2.01115,1.29407
-2.2201,1.33977
-2.01117,1.33018
-1.82708,1.14656
-1.8402,1.30402
-1.69656,1.28313
-2.00326,1.32026
-1.46938,1.32795
-1.43605,1.42926
-2.11597,1.24489
-1.50477,1.25841
-1.67708,1.30929
-1.93296,1.12321
-1.98678,1.35445
-1.56442,1.33316
-1.96978,1.03035
-1.66439,1.2882
-1.57214,1.26742
-1.55627,1.41608
-1.82853,1.28099
-2.14966,1.34861
-1.78875,1.30615
-1.33597,1.31457
-1.18884,1.38099
-1.66477,1.24205
-1.80552,1.26238
-1.79479,1.35771
-1.92901,1.3394
-2.07131,1.27896
-1.77738,1.14934
-2.07256,1.38589
-2.0247,1.29823
-2.24213,1.22592
-1.33865,1.36157
-2.02452,1.33121
-1.82862,0.973841
-1.68311,1.41696
-1.30777,1.16841
-1.75775,1.25645
-1.93107,1.2806
-1.71627,1.36704
-1.50758,1.24369
-1.6101,1.29404
-1.78574,1.29699
-1.73131,1.29455
-2.04099,1.28498
-1.21214,1.27949
-1.92037,1.22071
-2.29625,1.45572
-1.92182,1.24728
-1.61974,1.34401
-1.85114,1.38598
-1.719,1.33289
-1.97687,1.34388
-1.71608,1.19075
-2.25617,1.48678
-2.15043,1.16893
-1.74269,1.12111
-1.88419,1.12431
-1.67339,1.33331
-1.55905,1.29012
-1.72871,1.27272
-1.56909,1.2268
-2.00429,1.3523
-1.74775,1.30555
-2.2851,1.39156
-1.34995,1.06317
-1.4832,1.29568
-1.82428,1.30769
-1.59313,1.27774
-1.54965,1.35759
-1.92956,1.2812
-1.44091,1.09658
-1.84043,1.28949
-1.32452,1.36026
-1.95139,1.63298
-1.83376,1.41398
-1.54108,1.34813
-1.58017,1.36144
-1.47615,1.35159
-1.73586,1.33036
-1.33281,1.20293
-1.62952,1.02022
-1.39694,1.16034
-2.0184,1.10199
-2.04403,1.32639
-1.82083,1.33742
-1.95228,1.37623
-1.83914,1.33844
-1.5524,1.41172
-1.87707,1.38703
-1.76328,1.18409
-1.93874,1.26664
-2.25298,1.15657
-1.87265,1.31405
-1.96076,1.3984
-1.94283,1.41145
-2.27142,1.28281
-1.65039,1.31023
-2.0252,1.30643
-1.44954,1.16004
-2.1061,1.34914
-1.94178,1.42154
-1.57278,1.23186
-1.37103,1.35684
-1.51871,1.21399
-2.05574,1.29771
-1.94457,1.41483
-1.95812,1.23781
-1.50949,1.27024
-1.50601,1.25065
-1.75756,1.23783
-1.97346,1.34655
-1.94444,1.26896
-0.955943,0.922162
-1.85428,1.38825
-1.64733,1.45161
-1.41519,1.11258
-1.47536,1.31158
-1.52496,1.17413
-1.86583,1.40465
-1.82611,1.31354
-2.00035,1.34988
-1.76596,1.31406
-2.01156,1.38886
-1.88401,1.15772
-1.53531,1.26333
-1.54988,1.16829
-1.60466,1.38094
-1.77082,1.33425
-1.75669,1.32113
-2.30942,1.34333
-1.70599,1.23958
-1.74543,1.35686
-1.58664,1.3521
-1.7016,1.27552
-1.82451,1.36825
-1.74449,1.33078
-1.35103,1.40476
-1.84702,1.36347
-1.85582,1.49027
-1.75528,1.2284
-2.36376,1.82444
-1.37784,1.25066
-1.56561,1.31758
-1.77515,1.31801
-2.09062,1.32104
-2.20546,1.26623
-1.51836,1.25943
-1.79953,1.25484
-1.75412,1.34241
-1.58422,1.19492
-1.90252,1.3594
-1.65384,1.19591
-1.71404,1.16823
-1.56232,1.19784
-1.69992,1.05698
-1.64864,1.36501
-1.67676,1.21998
-0.780284,0.92794
-1.83892,1.30579
-2.09221,1.34602
-1.37615,1.20617
-2.00477,1.25884
-1.75585,1.37447
-1.36174,1.16938
-1.50369,1.35185
-1.30566,1.19913
-1.73362,0.989485
-1.23003,1.18761
-1.6725,1.22749
-1.43449,1.26436
-1.87176,1.30637
-1.49911,1.41562
-1.26509,1.39031
-1.53373,1.27081
-1.826,1.21537
-1.60119,1.23651
-2.29441,1.87304
-1.35867,1.32156
-1.78971,1.28844
-1.57992,0.94481
-1.73993,1.36929
-2.22125,1.43642
-1.79281,1.29733
-1.6308,1.29109
-1.51256,1.45371
-1.31345,1.28296
-1.71244,1.14722
-1.69209,1.07883
-1.67599,1.24306
-1.63393,1.30876
-1.68584,1.23315
-1.48725,1.18112
-1.24485,1.2876
-1.71039,1.3782
-1.33027,1.02482
-1.33081,1.0871
-2.10881,1.35854
-1.45205,1.3087
-1.52392,1.22529
-1.84667,1.41997
-1.95107,1.31224
-1.83082,1.3066
-1.78523,1.25128
-1.54209,1.32576
-1.66104,1.25458
-1.15754,1.03837
-1.68413,1.13229
-1.63133,1.21822
-1.41117,1.01271
-1.53509,1.19408
-2.1349,1.28792
-1.7078,1.23035
-1.91274,1.23434
-1.35099,1.15957
-1.90302,1.40284
-1.97485,1.22926
-1.73159,1.32134
-2.08165,1.34486
-2.03236,1.26714
-1.8537,1.16305
-1.29579,1.2016
-1.18999,1.12734
-2.57127,1.46656
-1.5686,1.28434
-1.4622,1.36883
-1.37627,1.06641
-1.69868,1.35248
-1.75899,1.47932
-1.5526,1.30189
-1.98621,1.31711
-1.5424,1.33533
-1.33612,1.41826
-1.90554,1.40866
-1.90874,1.37056
-1.5187,1.25029
-1.82498,1.35787
-2.11066,1.27299
-1.788,1.25967
-1.43712,1.24522
-2.00022,1.30192
-1.12307,1.14154
-1.60457,1.13535
-1.64145,1.03999
-1.6087,1.24383
-1.625,1.23093
-2.26503,1.45756
-1.7457,1.24835
-1.86119,1.39733
-2.00675,1.41179
-1.86474,1.3083
-1.90286,1.38377
-1.88758,1.37547
-1.12053,1.33726
-2.12994,1.37197
-1.46047,1.34456
-1.38989,1.19061
-1.84713,1.12452
-1.56564,1.21725
-1.64399,1.48402
-2.01544,1.3559
-1.94862,1.32437
-1.44184,1.27098
-1.46021,1.27873
-1.1703,1.17096
-1.99615,1.32406
-1.52056,1.24719
-2.28632,1.34298
-1.69773,1.35574
-1.84535,1.41358
-1.2951,1.32779
-1.29102,1.27081
-1.79374,1.28041
-1.57033,0.999573
-2.08532,1.39945
-1.85554,1.25865
-2.37417,1.58494
-1.56883,1.14958
-1.81645,1.32114
-1.94978,1.35542
-1.23361,1.25481
-1.44213,1.28916
-1.56425,1.39777
-1.68516,1.22322
-1.36568,1.23508
-1.69365,1.21374
-2.12233,1.38663
-1.78154,1.22912
-1.58087,1.43999
-1.21697,1.29068
-1.95125,1.31604
-1.3519,1.23173
-1.1212,1.25424
-1.55056,1.32261
-1.40682,1.32702
-1.73193,1.05686
-2.55128,1.46721
-1.28815,1.31168
-1.07249,1.29453
-1.27083,1.06958
-2.04992,1.32795
-1.54771,1.26469
-1.57915,1.36578
-1.73587,1.28603
-1.96937,1.3339
-1.54799,1.08371
-2.05225,1.33636
-1.60782,1.14784
-1.65166,1.14063
-1.28158,0.927614
-2.38576,1.40463
-1.76323,1.20814
-1.30235,1.32759
-1.11272,0.867953
-1.75981,1.2568
-2.0114,1.37465
-2.26116,1.38969
-1.61812,1.27209
-1.74902,1.30025
-1.90979,1.27098
-1.89463,1.25821
-1.5967,1.24682
-1.65012,1.02607
-1.96002,1.32968
-1.96293,1.25343
-1.91546,1.32924
-1.62428,1.3301
-1.81849,1.26617
-2.06079,1.42485
-1.79109,1.38812
-1.88099,1.24121
-1.49684,1.2846
-2.58467,1.71777
-1.81774,1.24604
-1.62041,1.29469
-2.20031,1.34305
-1.79564,1.07151
-1.46334,1.32129
-1.61176,1.2452
-1.76135,1.32554
-1.42164,1.35409
-2.04277,1.34763
-2.05064,1.33235
-1.81346,1.33581
-1.98242,1.26974
-1.7202,1.21539
-2.01336,1.2584
-2.09551,1.4465
-1.49213,1.33996
-1.65429,1.16289
-2.14967,1.42749
-1.5007,1.42641
-1.81925,1.4042
-2.33249,1.4756
-1.75838,1.03781
-1.82051,1.45186
-2.08954,1.33789
-2.5321,1.44674
-1.91715,1.32142
-1.64242,1.23339
-1.3021,1.00008
-1.54532,1.29703
-1.97699,1.40271
-1.09677,1.17425
-1.69327,1.34892
-1.48442,1.23546
-1.32001,1.10257
-2.03722,1.32645
-1.80309,1.28258
-1.22629,1.13342
-1.54751,1.39408
-1.57457,1.16039
-1.84641,1.15716
-2.06944,1.33605
-1.24997,1.28941
-1.9113,1.26166
-1.42029,1.20097
-1.22941,1.29985
-2.01501,1.39213
-1.61259,1.26621
-1.78677,1.33663
-1.61955,1.24393
-1.5186,1.30572
-1.55708,1.30706
-1.58403,1.16354
-1.76704,1.31452
-1.72161,1.39791
-1.93544,1.22287
-1.70565,1.26536
-1.76413,1.31874
-1.51282,1.21791
-1.71621,1.31899
-2.05384,1.40194
-1.43858,1.28094
-1.63176,1.27669
-1.96812,1.42247
-1.99862,1.31347
-1.60911,1.26026
-1.7866,1.25697
-2.35717,1.40014
-1.8269,1.32863
-1.68858,1.31193
-1.74424,1.15928
-1.21315,0.804318
-1.82293,1.19679
-1.45447,1.37111
-1.482,0.975455
-1.27799,1.29569
-1.70563,1.28858
-1.334,1.25496
-1.29197,0.946671
-1.20829,1.20569
-1.84271,1.30566
-1.64602,1.35455
-1.41092,1.1961
-1.75106,1.16328
-2.01365,1.33336
-1.53308,1.34478
-1.83314,1.2674
-1.6226,1.17391
-1.67639,1.27312
-1.63543,1.21449
-1.67339,1.17119
-1.53978,1.10985
-1.88237,1.29953
-1.23175,1.27271
-1.35443,0.854623
-1.71287,1.22546
-1.91411,1.34363
-1.95753,1.3304
-1.6192,1.17462
-1.53393,1.26549
-1.60175,1.32526
-1.98224,1.36142
-2.06348,1.35004
-1.36397,1.17949
-1.07748,1.10528
-1.7287,1.34346
-1.37939,1.29232
-2.17771,1.32948
-1.76612,1.37299
-1.76512,1.33949
-1.87785,1.28876
-2.14648,1.45002
-1.84974,1.22082
-1.5518,1.23014
-2.06363,1.50283
-1.13935,1.15509
-1.40794,1.2407
-1.71238,1.28047
-2.09138,1.38091
-1.41805,1.11329
-1.63806,1.34353
-1.05713,1.1245
-1.71853,1.40567
-1.77171,1.32159
-1.52122,1.13744
-1.63731,1.39904
-1.66175,1.20851
-1.67442,1.54896
-2.14429,1.32234
-1.58349,1.25787
-1.66046,1.40734
-2.1539,1.37098
-2.15012,1.34454
-1.23578,1.32897
-1.77588,1.2242
-2.16041,1.3626
-2.01519,1.41313
-1.82301,1.34292
-1.96963,1.38678
-1.59882,1.40025
-2.00273,1.41823
-1.56381,1.11986
-1.54525,1.15771
-1.65308,1.26731
-2.15919,1.41086
-1.60813,1.44917
-1.74845,1.10508
-1.20148,1.15362
-1.81852,1.26226
-1.48686,1.13983
-1.77246,1.2679
-2.03652,1.28908
-1.28192,1.30957
-1.45402,1.28296
-1.4941,1.2589
-1.78027,1.33342
-2.28189,1.49562
-1.95908,1.26647
-1.74932,1.31751
-1.44788,1.34604
-1.48062,1.24247
-2.61099,1.85566
-1.91687,1.32002
-1.99806,1.29696
-1.81696,1.2607
-1.31575,1.12114
-1.74396,1.38415
-1.89387,1.41227
-1.24722,1.17557
-2.11735,1.37138
-2.3916,1.34918
-1.79509,1.2987
-2.08829,1.37809
-1.40725,1.17274
-1.30896,1.08201
-1.82883,1.29287
-1.44118,0.977905
-1.72556,1.19098
-1.61533,1.45176
-1.226,1.3145
-1.63461,1.20467
-1.5894,1.23531
-1.9976,1.42092
-1.71851,1.21697
-1.4522,1.47901
-1.96747,1.31952
-1.67724,1.25816
-1.55005,1.0239
-1.18957,1.10588
-1.37294,1.2223
-1.76962,1.35369
-1.87766,1.31063
-2.26709,1.62287
-1.36915,1.40259
-1.71952,1.24196
-1.53556,1.40926
-1.55474,1.3081
-1.16831,1.05316
-2.00785,1.31775
-1.67578,1.22735
-1.73717,1.34412
-2.12528,1.40352
-1.98107,1.36388
-2.26092,1.44984
-1.78759,1.30814
-1.934,1.36372
-1.74203,1.35777
-1.82008,1.16923
-1.18964,1.2231
-1.6791,1.32756
-1.82492,1.30407
-1.9387,1.18405
-1.93978,1.43315
-1.31894,1.29834
-1.82155,1.31736
-1.40224,1.2418
-1.67228,1.2516
-1.92485,1.30478
-2.34551,1.70065
-0.700745,0.961408
-1.68728,1.33821
-1.5855,1.39987
-1.58254,1.35899
-1.67719,1.23992
-1.72538,1.34806
-1.76379,1.52797
-1.91369,1.35204
-1.52081,1.18037
-1.34707,1.30302
-1.24691,1.30316
-2.03093,1.24624
-2.05488,1.31243
-2.2822,1.38193
-2.28796,1.34285
-1.57711,1.30628
-2.20577,1.34302
-2.04698,1.36793
-1.32193,1.06372
-1.35272,1.27567
-1.69761,1.22871
-1.85632,1.17348
-1.40757,1.23309
-1.35775,1.15113
-2.06801,1.41684
-2.21623,1.39905
-1.49386,1.30382
-1.62002,0.834955
-1.87244,1.347
-0.935012,0.992813
-1.89993,1.36663
-1.23693,1.2325
-1.54174,1.29813
-2.23115,1.37144
-1.22759,1.12192
-2.10615,1.46031
-1.41283,1.29633
-1.7214,1.27351
-1.26233,1.19247
-1.84614,1.3438
-1.86442,1.24924
-1.8973,1.31461
-1.94884,1.34513
-1.616,1.24626
-1.097,1.35308
-1.29029,1.23927
-1.68309,1.01974
-1.44282,1.3578
-1.56369,1.23525
-2.10298,1.08033
-1.6615,1.26196
-1.76669,1.29114
-0.968358,1.05847
-1.80705,1.09101
-1.09039,0.943912
-2.0779,1.52454
-1.89213,1.24803
-1.7316,1.2806
-1.74592,1.17435
-2.2097,1.4202
-1.66497,1.36787
-1.93707,1.29547
-1.22401,1.14727
-1.47195,1.21572
-1.91731,1.56541
-2.00238,1.27712
-1.55114,1.28236
-1.50728,1.07493
-2.05799,1.30162
-1.65192,1.32636
-1.67389,1.23345
-1.29666,1.33212
-1.6516,1.10212
-1.89093,1.37882
-2.19222,1.36028
-1.40028,1.42547
-1.79847,1.33826
-1.67704,1.11838
-2.02314,1.51579
-1.67357,1.19531
-1.94337,1.3614
-2.12541,1.41156
-1.75364,1.29839
-1.97873,1.43086
-1.9981,1.32455
-2.15803,1.3048
-1.44192,1.23865
-1.8788,1.35514
-1.6445,1.30331
-1.39273,1.08838
-1.77058,1.25737
-2.20174,1.2935
-1.39895,1.23637
-2.01665,1.38537
-1.92004,1.27754
-2.0926,1.36484
-1.59601,1.34597
-2.08634,1.36253
-1.84178,1.31702
-2.05318,1.3053
-1.29736,1.0228
-1.95222,1.00747
-1.76889,1.0899
-1.5012,1.32795
-1.98513,1.37443
-1.64384,1.21502
-2.018,1.51651
-1.89428,1.03069
-1.763,1.23066
-2.01277,1.27109
-1.87672,1.30616
-1.58609,1.24863
-1.46292,1.30505
-1.31907,1.04209
-1.62647,1.36429
-1.78867,1.32881
-1.61692,1.25777
-1.59639,1.14329
-1.49538,1.26621
-1.19686,1.28585
-0.884969,0.828972
-1.33269,1.27349
-1.04466,0.738756
-1.71275,0.934217
-2.01063,1.0652
-2.10222,1.35293
-2.2081,1.13819
-1.61389,1.40922
-1.54088,0.961489
-2.33278,1.36554
-1.72653,1.24896
-2.47471,1.89754
-1.86634,1.23619
-1.6685,1.11006
-1.76647,1.30981
-1.71647,1.21647
-1.88429,1.45538
-2.52831,1.39602
-1.45154,1.40752
-1.61083,1.26892
-1.48988,1.0579
-1.52842,1.13612
-1.50674,1.14112
-1.34022,1.23259
-1.99027,1.40197
-2.08416,1.32341
-1.69058,1.41239
-2.03215,1.3521
-0.962678,1.28085
-0.599847,1.1017
-1.03729,1.15255
-1.42033,1.25654
-1.45641,1.58317
-1.82528,1.28615
-1.44317,1.38368
-1.67516,1.2508
-1.81258,1.25295
-1.95492,1.399
-1.30904,1.29952
-1.92327,1.39802
-1.84876,1.25064
-1.35237,1.25615
-1.86942,1.29077
-1.92605,1.32568
-1.31118,1.34854
-1.27813,1.35418
-1.67824,0.920404
-1.21892,1.21353
-1.95556,1.31386
-1.49618,1.45294
-1.99574,1.10111
-1.39079,1.17808
-1.6414,1.2289
-2.20287,1.40731
-1.5904,1.21562
-1.61746,1.24354
-1.60257,1.15905
-3.00758,2.15093
-1.50296,1.43583
-1.86497,1.26756
-1.60706,1.15052
-1.73088,1.10908
-1.50691,1.01978
-1.46668,1.12618
-1.45407,1.18406
-1.52459,1.49144
-2.0831,1.4557
-1.42578,1.02963
-1.35097,1.31272
-1.69275,1.32865
-1.47599,1.29446
-1.44491,1.23377
-1.65417,1.29595
-2.17407,1.33473
-1.87065,1.35563
-1.91115,1.39279
-1.93022,1.14437
-1.83615,1.36025
-1.97231,1.37583
-2.47722,1.80465
-1.63884,1.18099
-1.83817,1.2441
-1.48697,1.47718
-1.29345,1.34988
-2.05264,1.40325
-1.55453,1.39135
-1.71182,1.23998
-1.86427,1.25979
-2.12613,1.27669
-1.91898,1.27428
-1.91314,1.34439
-2.01794,1.21538
-1.42151,1.37389
-2.03766,1.27657
-1.96283,1.59293
-1.47793,1.03399
-1.7614,1.14298
-1.6397,1.37761
-1.87138,1.42354
-0.861277,1.08495
-2.06011,1.35347
-1.55944,1.37177
-1.44904,1.12956
-1.91006,1.3205
-1.40781,1.2117
-1.79093,1.18159
-1.54815,1.19245
-2.0188,1.31863
-1.88566,1.28932
-1.61668,1.3924
-1.55687,1.15514
-1.89425,1.11633
-1.51796,1.44203
-2.18433,1.33133
-1.64084,1.28385
-1.4377,1.40868
-1.34595,1.19155
-1.83119,1.25023
-1.33864,1.24934
-2.10348,1.36847
-1.69122,1.15588
-2.18762,1.36727
-2.01264,1.32594
-1.84418,1.3093
-1.31309,1.26013
-1.53022,1.29237
-1.78806,1.30795
-1.99366,1.34922
-1.67662,1.45541
-2.26851,1.35149
-1.6185,1.38613
-1.6928,1.26089
-1.25239,1.09429
-2.0513,1.27893
-1.76476,1.2814
-1.79688,1.24815
-1.58421,1.27928
-1.67058,1.15083
-1.96134,1.62653
-1.84504,1.06623
-1.55114,1.25511
-1.93644,1.17406
-1.19573,1.26351
-1.24699,1.1045
*
