1.68754,1.23182
1.75029,1.19796
1.40793,1.30003
1.83754,1.16621
1.46763,1.31381
1.63322,1.21179
1.8353,1.15616
1.69096,1.15431
1.14003,1.37974
1.70763,1.20008
1.67512,1.21096
1.46799,1.28262
1.63442,1.20356
1.57312,1.24833
1.6009,1.25295
1.31037,1.33693
1.39074,1.32838
1.85872,1.06548
1.67199,1.17437
1.61889,1.33977
1.72265,1.26099
1.62437,1.22962
1.57085,1.27515
1.45955,1.33631
1.42387,1.33545
1.57591,1.30276
1.83324,1.01889
1.90158,1.13453
1.73858,1.24575
1.6636,1.21808
1.47045,1.31838
1.54221,1.2692
1.79584,1.16674
1.72855,1.17809
1.54111,1.27695
1.80701,1.19773
1.49368,1.3084
1.81235,1.07029
1.76848,1.10349
1.38357,1.33109
1.49018,1.24029
1.49599,1.35802
1.7063,1.17639
1.75461,1.19482
1.69759,1.1144
1.84889,1.06472
1.48863,1.25747
1.72152,1.14391
1.37956,1.35687
1.4828,1.30884
1.62465,1.22101
1.69494,1.19803
1.51517,1.26504
1.72463,1.25669
1.95024,0.994626
1.49122,1.29989
1.67279,1.16461
1.60685,1.18903
1.785,1.12608
1.77547,1.10258
1.88495,1.06967
1.5033,1.29771
1.82688,1.08815
1.81943,1.10801
1.56966,1.23115
1.54077,1.27847
1.35242,1.38902
1.83199,1.1208
1.92879,1.05388
1.94694,1.09652
1.7767,1.1046
1.5006,1.27877
1.51885,1.2662
1.4615,1.30675
1.63778,1.24551
1.74957,1.19736
1.36607,1.31942
1.75255,1.20874
1.5694,1.2508
1.49923,1.2847
1.77734,1.19284
1.66014,1.18163
1.38943,1.28274
1.45875,1.339
1.79262,1.13806
1.59653,1.27041
1.38405,1.28214
1.59085,1.25274
1.7441,1.14069
1.77419,1.12821
1.43695,1.3228
1.76108,1.11547
1.59939,1.20297
1.75073,1.16679
1.68463,1.23935
1.58045,1.26722
1.43758,1.35073
1.56356,1.13583
1.66572,1.18836
1.62449,1.17723
1.64298,1.27215
1.38336,1.29016
1.54557,1.26475
1.83894,1.10285
1.47338,1.34721
1.72117,1.15133
1.7273,1.18458
1.55042,1.28908
1.53169,1.29611
1.79772,1.1246
1.52564,1.23118
1.45154,1.3193
1.61653,1.31219
1.63237,1.26169
1.62307,1.26782
1.57468,1.32034
1.51783,1.23916
1.60007,1.21611
1.73132,1.10368
1.69989,1.156
1.41426,1.32615
1.67342,1.25314
1.44594,1.28363
1.66951,1.18998
1.74333,1.18555
1.9637,0.978077
1.66356,1.11165
1.5562,1.16943
1.84634,1.1834
1.43314,1.32945
1.70456,1.1463
1.60871,1.23682
1.84586,1.20974
1.65531,1.23144
1.69663,1.26406
1.46516,1.2832
1.68193,1.13567
1.93944,0.978153
1.7008,1.12958
1.60398,1.34815
1.63733,1.26598
1.46089,1.36128
1.55691,1.28516
1.8082,1.1944
2.05347,0.915802
1.75298,1.13263
1.81149,1.09754
1.66014,1.1631
1.56635,1.21468
1.60715,1.28486
1.82944,1.13312
1.62967,1.20711
1.89101,1.13025
1.78261,1.16884
1.70008,1.15897
1.48611,1.28474
1.42361,1.27201
1.63008,1.29068
1.89543,1.06139
1.68633,1.20875
1.5341,1.20294
1.69782,1.21552
1.79269,1.16145
1.68979,1.1471
1.92046,1.05853
1.45564,1.27937
1.60508,1.21423
1.4504,1.29796
1.54876,1.23743
1.69961,1.1973
1.35861,1.3414
1.48375,1.36173
1.76381,1.25993
1.85722,1.09679
1.79405,1.13412
2.08775,0.880556
1.96774,0.999379
1.65669,1.21093
1.63866,1.25018
1.89821,1.0139
1.53221,1.225
1.83671,1.05381
1.47043,1.3092
1.59043,1.19957
1.62843,1.22248
1.83816,1.18336
1.92779,0.97871
1.41806,1.31597
1.80666,1.10425
2.0685,0.935702
1.45406,1.30773
1.82187,1.16442
1.65091,1.21477
1.87428,1.11475
1.84803,1.04392
1.50785,1.20454
1.64383,1.2203
1.55868,1.28565
1.52435,1.30582
1.6646,1.22403
1.82439,1.10691
1.6614,1.22517
1.51189,1.33256
1.73112,1.1433
1.4293,1.3092
1.65394,1.22065
1.82305,1.13949
1.78533,1.13445
1.55766,1.25888
1.67416,1.24186
1.67457,1.22283
1.69533,1.1505
1.91304,1.13127
1.8678,1.08849
1.69766,1.18078
1.65406,1.1929
1.79279,1.23835
1.28866,1.37362
1.25204,1.3672
1.66389,1.15919
1.42266,1.40074
1.8275,1.09705
1.64785,1.17622
1.87294,1.08839
1.87945,1.08308
1.9017,1.06089
1.71523,1.20722
1.54548,1.2665
1.70793,1.21425
1.36736,1.32294
1.6822,1.20688
1.74347,1.13704
1.62501,1.2209
1.56031,1.28607
1.79704,1.14907
1.6575,1.22249
1.57146,1.3086
1.99281,1.00055
1.7561,1.15734
1.77304,1.11267
1.34889,1.31401
1.73885,1.14759
1.75521,1.21259
1.55758,1.2897
1.34533,1.31224
1.40243,1.33684
1.782,1.16028
1.46483,1.39037
1.68828,1.21674
1.59231,1.23237
1.72663,1.16047
1.77435,1.12775
1.5654,1.22363
1.97896,0.990938
1.40211,1.32892
1.57319,1.27048
1.66335,1.1945
1.37749,1.279
1.55944,1.32162
1.89666,1.1296
1.54006,1.32257
1.7165,1.18413
1.70091,1.30574
1.65875,1.33191
1.31339,1.35806
1.68533,1.20959
1.85594,1.19005
2.01011,0.951219
1.79617,1.15078
1.57864,1.29451
1.8205,1.19824
1.7138,1.20647
1.59265,1.29105
1.53757,1.28221
1.73428,1.17749
1.45588,1.3038
1.72433,1.18972
1.44645,1.28875
1.74408,1.23583
1.80141,1.12567
1.58016,1.25454
1.63954,1.16796
1.53062,1.2764
1.47689,1.29022
1.62885,1.19107
1.71932,1.19031
1.52221,1.38964
1.94121,1.0227
1.79406,1.05802
1.78013,1.17259
1.86019,1.02096
1.71555,1.13271
2.14929,0.830602
1.6403,1.24492
1.88711,1.11167
1.70007,1.20779
1.64939,1.19572
1.93017,1.11628
1.7164,1.1574
1.76451,1.11149
1.81182,1.15299
2.07652,0.8535
1.47988,1.3026
1.97455,1.0917
1.55624,1.24821
1.85984,1.16102
1.65877,1.21655
1.57768,1.23837
1.72632,1.22501
1.84012,1.1274
1.43135,1.34443
1.91103,1.02341
1.56143,1.279
1.75747,1.18111
1.5323,1.31622
1.91823,1.09792
1.46949,1.28355
1.83199,1.05131
1.77883,1.11785
1.62009,1.23584
1.69365,1.12102
1.58367,1.2226
1.93308,1.06895
1.8519,1.14563
1.61815,1.32263
1.70549,1.21404
1.53431,1.26083
1.50312,1.2511
1.78503,1.20332
1.52441,1.28652
1.72377,1.1578
1.6338,1.21583
1.59841,1.27924
1.59343,1.26764
1.81527,1.19634
1.94426,1.0463
1.73276,1.12536
1.69064,1.16866
1.73792,1.19187
1.84112,1.03686
1.75589,1.16025
1.60252,1.27745
1.52205,1.21703
1.583,1.26875
1.04095,1.42792
1.89415,1.06275
1.87821,1.20487
1.73879,1.19228
1.72816,1.20477
1.57072,1.20858
1.17484,1.39441
1.6887,1.22653
1.76644,1.19777
1.98911,0.992589
1.46101,1.31135
1.74441,1.18208
1.42035,1.29782
1.71946,1.22451
1.56283,1.32851
1.58271,1.24014
1.92396,1.08928
1.61907,1.28039
1.29313,1.37772
1.88356,1.13086
1.75416,1.10239
1.66234,1.24685
1.73369,1.15852
1.54258,1.25894
1.49007,1.19827
1.77742,1.22077
1.76503,1.16437
1.64578,1.22959
1.80628,1.12517
1.46095,1.28241
1.43761,1.32753
1.33995,1.36719
1.70129,1.20542
1.61037,1.21481
1.47017,1.37908
1.43289,1.29008
1.66727,1.12888
1.73927,1.14852
1.83085,1.08758
1.56671,1.24544
1.66263,1.18448
1.89017,1.13126
1.61637,1.20518
1.93654,1.09531
1.78739,1.19176
1.97633,1.02222
1.78291,1.12327
1.60734,1.21257
1.71927,1.13548
1.75592,1.168
1.70962,1.17813
1.36939,1.30487
1.82139,1.0654
1.79187,1.17347
1.38316,1.36998
1.87967,1.09569
1.20896,1.38871
1.86522,1.02901
1.62793,1.18479
1.60378,1.17954
1.73047,1.22239
1.48967,1.2658
1.50594,1.3116
1.79383,1.13839
1.61828,1.23768
1.61976,1.19719
1.71063,1.22743
1.35752,1.33063
1.38757,1.29064
1.55869,1.19602
1.72671,1.16985
1.93201,1.02064
1.82314,1.10444
1.76914,1.23572
1.55978,1.35728
1.64789,1.33017
1.56575,1.35211
1.48571,1.2772
1.71559,1.19964
1.63669,1.14287
1.4088,1.26517
1.65105,1.23812
1.39761,1.33656
1.55571,1.24032
1.55724,1.22681
1.68279,1.16992
1.75492,1.21765
1.94083,1.07694
1.88329,1.11995
1.77022,1.18744
1.92221,1.01402
1.63871,1.1609
1.64317,1.22527
1.31842,1.33188
1.7328,1.11505
1.76634,1.23023
1.93996,0.932102
1.52613,1.26323
1.86229,1.03375
1.85272,1.14449
1.74742,1.10838
1.71883,1.17428
1.71844,1.19622
1.44389,1.3423
1.83645,1.0631
1.78172,1.13346
1.71772,1.13724
1.73043,1.22502
1.4486,1.31845
1.94382,1.04466
1.95638,0.914746
1.67627,1.18028
1.57157,1.2814
1.74432,1.18625
1.79508,1.12268
1.98616,1.13401
1.60008,1.22281
1.65732,1.30353
1.72182,1.16659
1.89161,1.02356
1.92231,1.03123
1.71406,1.21027
1.67031,1.19913
1.79212,1.16292
1.89094,1.02522
1.8138,1.10384
1.65364,1.25189
1.91798,1.10711
1.51883,1.29181
1.52288,1.30513
1.51514,1.30483
1.63153,1.25325
1.70018,1.23309
1.78741,1.11693
1.54307,1.35978
1.63824,1.21418
1.79417,1.13401
1.62851,1.25769
1.70874,1.23896
2.04108,0.993855
1.51345,1.22371
1.8797,1.08895
1.60422,1.28625
1.64513,1.22412
1.41097,1.31264
1.37543,1.36259
1.59077,1.26856
1.78275,1.21218
1.90742,1.13636
1.66634,1.17823
1.44331,1.28641
1.63348,1.24274
1.5412,1.24675
1.56041,1.24096
1.68961,1.17055
1.67117,1.20153
1.83461,1.18975
1.89218,0.987281
1.63139,1.24092
1.90729,1.1285
1.72564,1.20043
1.81952,1.09719
1.66175,1.15828
1.24239,1.37174
1.23199,1.33373
1.92656,1.00266
1.68289,1.18363
1.66412,1.14421
1.42163,1.35614
1.72782,1.11497
1.55034,1.23549
1.74174,1.09731
1.82708,1.0885
1.71685,1.14823
1.74814,1.23996
1.42781,1.33604
1.7538,1.25298
1.50223,1.27191
1.64986,1.20522
1.6373,1.26121
1.76642,1.15345
1.71757,1.11329
1.89286,1.07673
1.59857,1.22048
1.62023,1.29168
1.7908,1.11363
1.53907,1.28101
1.67847,1.15485
1.54058,1.2672
1.5606,1.22522
1.59848,1.25302
1.54882,1.28574
1.62969,1.22767
1.48341,1.33198
1.69853,1.13817
1.5955,1.21718
1.47886,1.34033
1.93684,0.984533
1.88846,1.05002
1.74127,1.14708
1.96032,0.983085
1.35325,1.37776
1.56192,1.26384
1.2969,1.40562
1.71653,1.15307
1.63645,1.26579
1.51028,1.30911
1.70479,1.25769
1.25434,1.37948
1.61546,1.24009
1.50146,1.29749
1.60404,1.25135
1.52689,1.25061
1.77013,1.12316
1.85893,1.08918
1.58431,1.28488
1.86209,1.09562
1.85902,1.05656
1.63267,1.22092
1.41273,1.30639
1.47212,1.29728
1.79617,1.03174
1.33975,1.29867
1.66316,1.13226
1.61438,1.23332
1.79727,1.13265
1.63816,1.16222
1.73428,1.13436
1.57055,1.2795
1.3476,1.33758
1.76933,1.15848
1.50995,1.29106
1.70888,1.16462
1.45986,1.31713
1.66599,1.27126
1.71415,1.14256
1.78463,1.1967
1.42824,1.29955
1.54363,1.27727
1.17913,1.35993
1.61855,1.2042
1.79404,1.0607
1.40586,1.32222
1.71972,1.20309
1.75706,1.10163
1.99025,0.99074
1.49117,1.31214
1.6485,1.19906
1.63092,1.24058
1.52812,1.30721
1.84301,1.10165
1.73345,1.13929
1.74209,1.2002
1.79271,1.18449
1.47378,1.34331
1.68067,1.21321
1.77356,1.22011
1.67537,1.19127
1.80017,1.17438
1.66207,1.18214
1.631,1.29845
1.68862,1.18535
1.88287,0.956886
1.68568,1.15266
1.77792,1.18494
1.51074,1.32917
1.65403,1.21969
1.84412,1.09224
1.56104,1.22056
1.87408,1.05902
1.46808,1.27636
1.60411,1.17681
1.67224,1.16973
1.69267,1.24126
1.70595,1.18285
1.62503,1.247
1.65206,1.2601
1.72817,1.1105
1.77071,1.23711
1.68799,1.10587
1.60997,1.21886
2.20699,0.805733
1.65734,1.25421
1.81624,1.18174
1.65676,1.18923
1.60325,1.29937
1.68722,1.10789
1.9313,1.06888
1.59996,1.19813
1.64275,1.32361
2.00953,1.04947
1.55504,1.32304
1.80131,1.12631
1.55707,1.32118
1.75323,1.12689
1.73929,1.12128
1.42672,1.30136
1.67281,1.21454
1.51606,1.30969
1.58469,1.24339
1.99149,0.887603
1.3657,1.37785
1.57822,1.23346
1.84453,1.16066
1.62693,1.24155
1.76525,1.20303
1.2986,1.3171
1.90703,1.0199
1.88141,1.14036
1.78462,1.22794
1.56504,1.314
1.50707,1.31653
1.64197,1.28663
1.40377,1.33747
1.63621,1.19774
1.78382,1.18495
1.69084,1.19659
2.07598,0.984918
1.94225,1.00499
1.72564,1.08223
1.77747,1.18365
1.79961,1.18022
1.84304,1.1388
1.56359,1.30018
1.77156,1.17403
1.34216,1.366
1.6774,1.20664
1.67562,1.21592
1.80564,1.0574
1.859,1.05407
1.63104,1.24559
1.77186,1.11565
1.91999,1.15902
2.00103,0.904848
1.5106,1.32613
1.71801,1.24264
1.69747,1.21877
1.77343,1.17422
1.77269,1.08275
1.59933,1.19842
1.41621,1.28345
1.76654,1.1035
1.68,1.26645
1.39433,1.3079
1.62883,1.19331
1.93335,1.07706
1.72096,1.14007
1.43602,1.29203
1.67213,1.16265
1.73941,1.1199
1.54619,1.23159
1.81478,1.18065
1.3202,1.42213
1.67565,1.20938
2.04972,0.950381
1.65565,1.19905
1.79522,1.10949
1.685,1.12562
1.87262,1.13908
1.39448,1.25159
1.44107,1.29734
1.80503,1.12529
1.5619,1.2929
1.26235,1.32821
1.40611,1.28443
1.6623,1.25571
1.49046,1.31593
1.65657,1.12322
1.94152,0.989241
1.51944,1.28493
1.64404,1.18487
1.80675,1.1749
1.80492,1.15909
1.43605,1.35009
1.70267,1.20993
1.60248,1.19097
1.77679,1.11215
1.98186,0.99572
1.7021,1.24885
1.66803,1.15507
1.65871,1.15041
1.77263,1.1052
1.70035,1.20017
1.52459,1.26521
1.28655,1.36838
1.49779,1.32774
1.63718,1.26211
1.50938,1.2395
1.6917,1.19942
1.6619,1.23477
1.467,1.31662
1.72724,1.25861
2.05055,1.03371
1.7733,1.04713
1.73269,1.15564
1.59548,1.21331
1.70668,1.17144
1.61363,1.24699
1.88795,0.983436
1.67175,1.20269
1.65254,1.20557
1.55499,1.25862
1.5915,1.18078
1.54126,1.31787
1.62439,1.27081
1.50347,1.36002
2.05014,0.973129
1.82857,1.18074
1.86252,1.12732
1.64063,1.19365
1.15187,1.32671
1.69662,1.16541
1.77069,1.10437
1.61465,1.23429
1.53973,1.26125
1.60909,1.21302
1.44355,1.26724
1.62903,1.26507
1.55853,1.25575
1.65852,1.23144
1.78531,1.171
1.56912,1.24348
1.55829,1.22831
1.65087,1.25265
1.71414,1.27723
1.7341,1.19603
1.68455,1.19619
1.89421,1.0787
1.66769,1.1686
1.84165,1.16029
1.69198,1.17816
1.78814,1.14343
1.56727,1.27459
1.77914,1.18983
1.91742,1.13304
1.66276,1.29716
1.82638,1.21061
1.75895,1.15079
2.0776,0.922866
1.59508,1.28355
1.97996,1.01263
1.61519,1.2214
1.78115,1.16618
1.69848,1.14825
1.27629,1.34261
1.6084,1.18611
1.8922,1.03176
1.71451,1.14483
1.98603,0.930735
1.4399,1.28
1.79878,1.24323
1.69975,1.09676
1.67831,1.17798
1.7149,1.20463
1.74821,1.11725
1.91414,1.1753
1.59755,1.2012
1.75067,1.19209
1.79048,1.12359
2.01114,0.959335
1.51683,1.27055
1.5065,1.24971
1.77745,1.11128
1.60785,1.26678
1.42904,1.31004
1.75372,1.14896
1.79398,1.1263
1.71209,1.18757
1.70551,1.18541
1.83812,1.12791
1.7279,1.24556
1.52148,1.26929
1.4854,1.28677
1.63775,1.22863
1.52629,1.3177
1.51373,1.24485
1.72137,1.21523
1.65267,1.143
1.4955,1.32473
1.8344,1.05171
1.57672,1.2605
1.57742,1.27019
2.01834,0.938379
1.85947,1.1573
1.78866,1.08836
1.36406,1.40006
1.82279,1.06743
1.56992,1.26901
1.61899,1.2325
1.56679,1.18943
1.92376,1.10538
1.57441,1.23203
1.65823,1.20158
1.60785,1.25133
1.71112,1.16566
1.67209,1.11635
1.483,1.23439
1.74413,1.16134
1.55558,1.27074
1.56911,1.30058
1.70248,1.14013
1.76839,1.19828
1.88343,1.07474
1.8087,1.16501
1.7982,1.16453
1.34024,1.37603
1.76583,1.13779
1.58396,1.26123
1.74604,1.15554
1.5604,1.27105
1.64495,1.29842
1.63173,1.1607
1.31746,1.33994
1.79561,1.15231
1.79053,1.06486
1.33158,1.41731
1.52191,1.26001
1.55691,1.26639
1.7577,1.0646
1.81453,1.0808
1.88991,1.10287
1.7073,1.17063
1.84016,1.15436
1.62859,1.23296
1.58049,1.17873
1.7492,1.1053
1.58504,1.23004
1.79764,1.16156
1.71708,1.2245
1.70686,1.13381
1.63367,1.243
1.88198,1.08983
1.48019,1.25595
1.45343,1.27904
1.6202,1.26195
1.3674,1.28489
1.79127,1.09546
1.56376,1.30959
1.60103,1.33374
1.78174,1.1947
2.04268,0.881647
1.67911,1.19354
1.45556,1.37388
1.62177,1.25204
1.83247,1.0859
1.77152,1.14213
1.8056,1.18986
1.87088,1.1301
1.41908,1.28525
1.92043,1.11679
1.7073,1.15736
1.73132,1.18085
1.5629,1.25779
1.68996,1.22089
1.71781,1.17011
1.93833,1.04866
1.74757,1.16064
1.88906,1.14423
1.65781,1.18753
1.41576,1.33417
1.69829,1.16752
1.70313,1.20697
1.79857,1.16834
1.42129,1.28523
1.71774,1.1073
1.46304,1.36668
1.856,1.04767
1.62551,1.18036
1.67867,1.23725
1.45599,1.33006
1.67584,1.15509
1.47002,1.37827
1.76751,1.19691
1.68173,1.22458
1.68608,1.22333
1.61971,1.23596
1.61991,1.22629
1.82347,1.17112
1.79372,1.0654
1.5899,1.21452
1.45729,1.30346
1.88265,1.15475
1.76068,1.11546
1.79201,1.16665
1.94001,1.0948
1.77385,1.15453
1.67049,1.20985
1.41654,1.26932
1.66273,1.2339
1.54317,1.2928
1.91442,1.1125
1.64763,1.16944
1.79342,1.11555
1.76832,1.11923
1.57793,1.22573
1.78523,1.17953
1.55039,1.20386
1.68148,1.18342
1.17589,1.40021
1.47707,1.34133
1.44381,1.28585
1.83334,1.1067
1.59334,1.28997
1.40545,1.31026
1.82262,1.11148
1.69265,1.29664
1.49545,1.25532
1.95801,0.994352
1.93117,1.03452
1.37498,1.33417
1.58165,1.2482
1.53212,1.23607
1.73359,1.18199
1.69505,1.16848
1.69401,1.25619
1.73707,1.14727
1.52408,1.24574
1.97529,0.985327
1.4971,1.32987
1.46442,1.31593
1.57309,1.24542
1.58044,1.21484
1.26043,1.39609
1.74704,1.16402
1.61469,1.19359
1.85621,1.0987
1.72308,1.212
1.55331,1.26244
1.57943,1.2691
1.8449,1.08774
1.64791,1.25798
1.78193,1.18581
1.7245,1.16503
1.61726,1.22098
1.46825,1.3266
1.58455,1.22459
1.4162,1.24414
1.77846,1.20573
1.68353,1.23601
1.5523,1.26514
1.61678,1.31837
1.56688,1.26977
1.49142,1.32088
1.56225,1.23351
1.67873,1.17863
1.59543,1.28783
1.50379,1.24038
1.44512,1.31396
1.6702,1.20812
1.292,1.39408
1.64233,1.23773
1.32991,1.32621
1.53896,1.28151
1.4497,1.32349
1.76689,1.18416
1.596,1.30118
*
0.742813,2.88206
1.34336,3.34267
0.395022,3.08772
1.37696,3.18753
0.489505,3.1239
1.07657,3.22707
1.58436,3.31463
1.28028,3.31592
-0.415561,2.62068
0.858728,2.92345
1.09223,3.15806
0.505806,2.99144
1.02918,3.19326
0.798404,3.16748
0.761038,3.09896
0.0181748,2.83163
0.253051,3.00245
1.53957,3.12404
0.993614,3.02325
0.923087,3.45009
0.956993,3.14619
0.951863,3.23387
0.770193,3.24236
0.288776,2.91202
0.147427,2.86476
0.603928,2.97237
1.70556,3.16448
1.68431,3.26989
1.2676,3.31045
0.913134,3.07089
0.535692,3.11744
0.642459,3.22269
1.53542,3.28528
1.03768,3.02368
0.759266,3.20973
1.37169,3.27443
0.356101,2.92872
1.80342,3.20834
1.1332,3.01436
0.228032,3.14448
0.472504,2.90625
0.369767,3.03021
0.968991,3.04461
1.06486,3.08702
1.43649,3.32635
1.38823,2.84166
0.802664,3.36298
1.30198,3.17511
0.202786,3.0533
0.463607,3.14289
0.804583,2.95283
1.0879,3.12872
0.552269,3.01593
1.13919,3.24842
1.99441,3.04787
0.511168,3.1758
1.24082,3.20355
1.13183,3.29302
1.32183,3.06074
1.3449,3.0573
1.57833,3.14951
0.535115,3.14027
1.81664,3.20409
1.31572,3.06268
0.761121,3.05504
0.644696,3.24551
-0.00273167,2.89976
1.33195,2.96301
1.5689,3.00257
1.83193,3.22811
1.74213,3.33404
0.515486,3.02432
0.434399,2.87112
0.589418,3.31539
0.872047,3.19236
1.19486,3.10961
0.215058,3.07527
1.24637,3.26549
0.672094,3.10676
0.68147,3.22323
1.39955,3.26258
1.32808,3.35943
0.291523,3.09639
0.293723,3.07622
1.23686,3.05469
0.73762,3.09461
0.445768,3.272
0.797692,3.1069
1.08193,3.05397
1.38269,3.17343
0.243056,2.97928
1.15677,2.98098
0.827055,3.06209
1.25014,3.13874
0.810824,3.01708
1.03112,3.41209
0.422047,3.19565
0.746864,2.93492
1.20815,3.31833
1.23057,3.33474
0.855801,3.20892
0.27468,2.9836
0.821482,3.2393
1.38768,2.95687
0.366859,2.94615
1.08001,3.00212
1.39743,3.30108
0.62001,3.08888
0.388196,2.72147
1.19095,3.01515
0.518766,2.88352
0.522202,3.30358
0.979706,3.34279
0.946706,3.18771
0.79626,3.11643
0.483869,3.01016
0.616007,3.02839
0.799487,3.11285
1.52865,3.28264
1.01976,2.99009
0.338816,3.09077
0.934552,3.1373
0.724946,3.33211
0.969331,3.11493
1.14365,3.12018
1.97886,3.06888
1.20145,3.10599
0.904534,3.22968
1.17214,2.98359
0.354979,3.1102
1.17124,3.1764
0.869897,3.19866
1.29493,3.11613
1.143,3.37678
1.0538,3.21732
0.494619,3.11742
1.23171,3.21479
2.03356,3.09887
1.40709,3.2465
0.755163,3.32407
0.812298,3.15501
0.452295,3.24449
0.770399,3.30313
1.59852,3.35799
2.2971,3.01448
1.44928,3.18727
1.37387,3.08784
1.48252,3.49471
0.785965,3.09705
1.02117,3.42632
1.70325,3.31971
0.683274,2.8145
1.90123,3.29015
1.55516,3.2701
0.983592,3.05637
0.784164,3.3967
0.280459,2.80548
0.664729,3.0424
2.02009,3.36828
1.09471,3.17245
0.607533,3.01035
1.21821,3.18065
1.34336,3.10018
1.48331,3.31232
1.55477,3.0039
0.434339,2.99533
0.841683,3.10374
0.341787,2.9369
0.834476,3.34599
1.18883,3.17514
0.148523,3.1777
0.186331,2.65905
1.01861,3.10626
1.41576,3.10598
1.63598,3.36566
2.29896,2.90305
2.21426,3.17488
1.00333,3.17292
0.939671,3.20362
2.00181,3.15404
0.64245,2.97408
1.60203,3.02762
0.4525,3.16227
1.05487,3.35732
0.942862,3.18506
1.34361,3.13713
2.28481,3.20543
0.172393,2.73471
1.51541,3.09717
2.51026,3.06721
0.449637,3.08041
1.27938,3.08565
0.941648,3.15002
1.6545,3.21947
1.60512,3.12957
0.709923,3.15817
1.26275,3.34187
0.642456,3.12172
0.732987,3.43259
0.96626,3.26468
1.70097,3.17801
0.843506,3.08101
0.55966,3.15857
1.53613,3.33695
0.441318,3.21225
0.854147,3.11416
1.35065,3.12515
1.26545,3.05839
0.771148,3.23862
0.879806,3.07464
0.799438,2.95124
1.23068,3.17426
1.37506,2.99829
1.45621,3.02886
1.05857,3.14092
0.984762,3.08947
1.22844,3.20557
0.0988166,3.09762
-0.0438816,3.16201
1.12082,3.19186
0.156636,2.88031
1.32026,2.96439
0.982567,3.09874
1.66892,3.17626
1.69446,3.04766
1.91541,3.28249
1.39841,3.39414
0.924221,3.36718
0.958155,2.99269
0.110705,2.87567
0.830385,2.92011
1.65877,3.36016
0.73526,2.98039
0.793528,3.2507
1.66707,3.34101
1.02701,3.19992
0.760616,3.29942
1.89001,2.97421
1.17952,3.11456
1.49228,3.22805
0.145597,2.89269
1.54003,3.34393
1.22402,3.18951
0.46054,2.96071
0.117744,2.9195
0.156616,2.94599
1.15913,3.08978
0.41243,3.21464
1.19312,3.33368
0.806373,3.16818
0.988624,3.03665
1.59979,3.29427
0.685832,2.97891
1.85642,2.91896
0.250718,3.01814
0.566166,2.94942
1.07642,3.1866
0.259372,3.12952
0.565345,3.05404
1.4471,3.04754
0.606121,3.19647
1.14471,3.16629
0.783703,3.08448
0.900767,3.33532
-0.153192,2.54651
1.00731,3.12788
1.30106,3.11965
2.27998,3.07726
1.24294,3.14043
0.631592,2.99145
1.29473,3.19615
1.15743,3.27012
0.683093,3.03797
0.60401,3.12304
1.39909,3.31544
0.304927,2.99261
1.07196,3.10163
0.442254,3.04003
1.04429,3.10293
1.27482,3.12365
0.555332,2.83101
0.775265,2.91398
0.568287,3.14365
0.423345,3.02984
1.17767,3.37669
1.07906,3.16765
0.488725,3.18548
2.22103,3.14667
1.44634,3.00257
1.10142,2.9229
1.63855,3.07508
1.49147,3.24533
2.44089,2.83414
0.996598,3.33981
1.90886,3.34017
1.04487,3.10634
1.06743,3.19657
1.56963,3.15687
1.06996,3.08224
1.21395,2.94466
1.50259,3.25169
2.25173,2.81096
0.538297,3.20651
2.00148,3.22094
0.576587,2.85063
1.80253,3.34124
0.962549,3.24179
0.687536,2.97379
0.85477,2.90332
1.42714,3.24773
0.368812,3.18295
1.8851,3.15311
0.621667,3.03165
1.12871,2.94933
0.576294,3.18936
1.64587,3.13265
0.482025,3.11434
1.52223,3.00291
1.35148,3.12864
0.742034,2.95898
1.36143,3.224
0.841809,3.14759
1.63631,2.9329
1.32093,2.99586
0.811378,3.31296
1.07704,3.19152
0.755191,3.31836
0.86991,3.32535
1.29679,3.23226
0.716969,3.1608
1.04614,3.05842
1.14088,3.34086
0.962492,3.37672
0.708837,3.04811
1.08402,2.92691
1.39621,2.86755
1.27765,3.13603
1.14442,3.21266
1.14239,3.05927
1.45493,3.0383
1.21488,3.11309
0.798989,3.21971
0.473884,2.82515
0.670816,3.02817
-0.567354,2.94444
1.64342,2.97407
1.18556,2.98061
1.56756,3.47407
1.24184,3.27459
0.888769,3.21812
-0.317647,2.65527
0.967841,3.16319
1.01253,2.92256
1.9018,3.0325
0.301794,2.87247
1.2996,3.34322
0.244597,2.85285
1.30744,3.33635
0.759883,3.27068
0.668015,3.03998
1.66834,3.04668
1.06679,3.34797
0.0504637,3.11459
1.59004,3.16555
1.32199,3.02513
1.11172,3.37182
1.10761,3.06483
0.574422,3.06774
0.628576,3.04661
1.23508,3.21036
1.40751,3.27896
0.971407,3.17903
1.17605,3.01631
0.561046,3.24285
0.596474,3.38921
0.0204711,2.9178
1.02203,3.11995
1.00609,3.29567
0.484709,3.31491
0.510613,3.26448
1.37042,3.31307
1.41744,3.23269
1.53274,3.13838
0.692749,3.14158
1.02746,3.17248
1.40669,3.07249
0.896254,3.13778
1.79645,3.11169
1.40659,3.29189
1.65827,2.96813
1.28918,3.08558
1.03018,3.29867
1.07117,2.92608
1.17137,3.06288
1.38943,3.31885
0.39605,3.26937
1.39933,3.00253
1.41014,3.22061
0.247665,3.1546
1.68714,3.10491
-0.22619,2.98806
1.43137,2.92307
1.27236,3.34043
0.685446,2.86995
1.28071,3.26481
0.483333,2.94059
0.897398,3.527
1.28361,3.05349
0.953142,3.19521
1.18775,3.35823
1.35274,3.50019
0.161497,2.95186
0.402937,3.2043
0.657994,2.90852
1.21932,3.11012
2.19628,3.26668
1.35811,3.12805
1.29538,3.25936
0.69417,3.31784
0.942675,3.39292
0.717691,3.23301
0.351351,2.86987
1.30882,3.40251
1.15565,3.19485
0.660417,3.32937
0.979751,3.22878
0.178587,2.90261
0.723423,3.03138
0.607385,2.89536
1.23398,3.29118
1.09236,3.08636
1.85601,3.17943
1.36949,3.05059
1.30025,3.20161
1.76915,3.07358
0.947993,3.12874
0.927642,3.09948
0.219624,3.25928
1.39121,3.22653
1.21216,3.28393
1.67017,2.80706
0.523115,2.9304
1.6546,3.05188
1.636,3.3205
1.44523,3.26679
1.40132,3.31496
1.1757,3.15335
0.397813,3.11273
1.54694,3.09333
1.42101,3.21232
1.131,3.03024
0.951404,3.00588
0.809411,3.4844
1.81138,3.04796
1.95815,2.91384
0.901606,2.92247
0.597897,2.97042
0.852372,2.78489
1.67311,3.34713
1.68965,3.18704
0.786541,3.12696
0.789008,3.10752
1.22171,3.16013
1.76937,3.18331
1.83137,3.08806
0.996804,3.14013
1.00487,3.18518
1.349,3.2412
2.06897,3.19288
1.41924,3.10644
0.948463,3.2492
1.75304,3.21972
0.458171,2.96092
0.485328,3.13696
0.614529,3.23449
0.853615,3.33311
1.14782,3.27186
1.69265,3.33275
0.523289,3.15286
1.00665,3.23109
1.14281,2.96541
0.789998,3.00285
1.02452,3.14743
2.31077,3.2328
0.577815,3.12454
1.42393,3.01236
0.688945,3.10844
1.02059,3.26755
0.306483,3.04115
0.156723,3.01115
0.73391,3.07963
1.32233,3.30631
1.42454,3.05651
0.928431,2.98789
0.464003,3.19637
0.820717,3.08023
0.671433,3.20056
0.79467,3.24184
1.14256,3.26631
1.01989,3.23729
1.53153,3.22029
1.98246,3.08922
0.915773,3.18171
1.63077,3.12998
1.26994,3.25184
1.24935,2.96749
1.00823,3.16636
-0.121357,2.99993
-0.059853,3.03997
1.80726,2.99147
1.00983,3.05199
1.07119,3.08335
0.144328,2.8401
1.26521,3.13649
0.805957,3.20368
1.03104,2.77328
1.32715,2.99427
1.08355,3.08645
1.04484,3.19505
0.560673,3.38475
1.06437,3.19751
0.488315,3.07861
0.787159,3.03468
0.952108,3.33852
1.4573,3.21297
1.35289,3.23938
1.59417,3.09875
0.792902,3.1118
0.672043,3.00598
1.54238,3.20339
0.632226,3.16611
0.992617,3.05959
0.541787,2.99652
0.603621,2.90776
0.812367,3.19891
0.725684,3.17459
0.83848,3.07925
0.362271,2.97941
1.26582,3.20892
0.799937,3.10159
0.434601,3.20318
2.07701,3.14098
1.68179,3.04859
1.19772,3.04676
1.93125,2.9667
0.138713,3.04584
0.569648,2.9581
-0.143282,2.75783
1.24838,3.29386
0.626887,2.89284
0.498352,3.03028
1.31052,3.42341
-0.18543,2.80611
1.19743,3.47313
0.625739,3.27502
0.87256,3.19933
0.719201,3.26436
1.27636,3.09697
1.52915,3.12479
0.757428,3.17793
1.43134,3.02539
1.67504,3.10173
0.827558,3.0288
0.187958,2.87862
0.326492,2.86742
1.38841,2.91961
0.142162,2.84956
0.926403,2.87697
0.689661,3.00296
1.51289,3.23828
1.11116,3.16924
1.15524,3.10278
0.572175,3.02427
0.305699,3.24266
1.24987,3.11312
0.587433,3.22342
1.14114,3.20245
0.459985,3.12893
0.776225,3.17409
1.06303,2.89047
1.21491,3.15051
0.503223,3.21615
0.726094,3.26002
-0.317078,2.73706
0.760784,2.95346
1.39034,2.92056
0.286852,3.04461
0.899346,2.87091
1.25809,3.00414
2.25784,3.16921
0.27911,2.87951
1.01304,3.17924
0.878422,3.2017
0.514194,3.08938
1.52659,3.07928
1.3157,3.12153
1.16427,3.16872
1.30429,3.19369
0.450772,3.15465
1.07845,3.14114
1.24162,3.27148
1.07492,3.18252
1.20631,3.02652
0.828592,2.92503
0.684155,3.05321
1.20143,3.26132
1.88753,2.98779
1.18059,3.1757
1.19938,3.0686
0.403653,3.05017
1.02989,3.21682
1.42433,3.00482
0.623598,2.94599
1.44983,2.8673
0.407486,3.00572
0.965782,3.13931
1.10853,3.32139
0.967874,3.10036
1.05208,3.03907
0.99549,3.26974
0.8362,3.14062
1.08523,2.89883
1.00518,3.09759
1.12265,2.97475
0.926774,3.22707
2.83437,2.82979
1.30009,3.44842
0.943142,2.77372
0.931282,3.12427
0.649222,2.9321
1.36573,3.23209
1.7468,3.10952
0.713305,2.95126
0.726317,3.18426
2.03891,3.15957
0.588717,3.06268
1.28738,2.98108
0.485653,3.06484
1.27616,3.05408
1.04853,2.9209
0.3774,3.18105
1.06307,3.30843
0.62312,3.30943
0.956792,3.29092
1.97955,2.9009
0.0335194,2.79513
0.710924,3.09482
1.37176,3.15403
0.823172,3.10259
1.08414,3.1846
0.145711,3.17709
1.7626,3.02877
1.35105,2.98339
1.07085,3.18772
0.684927,3.10865
0.68711,3.32178
1.09913,3.38989
0.279063,3.08469
0.855561,3.06219
1.36215,3.16814
1.17831,3.22004
2.45397,3.16966
1.73892,2.89746
1.73367,3.2544
1.66489,3.3935
1.29682,3.11653
1.81469,3.33579
0.652705,3.19265
1.41452,3.24305
0.0477936,2.95157
1.1513,3.34363
1.06843,3.20203
1.7459,3.16258
1.83388,3.23803
0.940218,3.26389
1.507,3.1922
1.62443,3.19984
2.19433,2.97425
0.424135,3.03167
1.09946,3.25122
1.0754,3.27837
1.19226,3.04413
1.30895,2.98179
0.809916,3.05293
0.335624,3.0965
1.63803,3.19728
0.879847,3.11537
0.295942,3.0664
0.995814,3.17012
1.97688,3.30096
1.18018,3.08394
0.453953,3.14629
1.07123,3.07422
1.76409,3.42311
0.744125,3.28129
1.36191,3.17859
0.0245072,3.15242
0.806963,3.00307
2.25326,3.03887
1.21632,3.30527
1.11262,2.86673
0.973476,2.91112
1.45445,3.15393
0.32071,3.08237
0.494264,3.26077
1.48723,3.22983
0.529848,3.02526
0.00817689,2.9726
0.22929,2.91557
0.85173,3.14845
0.48968,3.00474
0.906196,2.96779
1.96996,3.10976
0.68443,3.32063
0.838412,2.95423
1.55817,3.2704
1.35855,3.12597
0.466156,3.19976
1.09939,3.09588
1.01801,3.2206
1.2589,3.04932
2.3027,3.16948
0.996947,3.13904
1.08983,3.09741
1.05999,3.1328
1.47799,3.21148
1.16233,3.23099
0.58283,3.11677
0.0381188,3.0458
0.520987,3.14649
0.869103,3.15623
0.531722,2.99203
1.11171,3.22422
0.873189,2.99977
0.38862,3.04557
1.25447,3.35163
2.09786,3.14269
1.45168,2.9802
1.18549,3.16007
1.15145,3.38853
1.25181,3.35331
1.13998,3.41025
2.04174,3.17804
0.968722,3.17655
0.910537,3.05459
0.655624,3.14035
0.7099,2.98299
0.494889,3.04077
0.560553,2.77544
0.454685,3.30143
2.11987,2.98034
1.16113,3.03936
1.49602,3.10557
1.03055,3.12657
-0.104838,3.17704
1.28286,3.37858
1.32492,3.09116
0.817233,3.11701
0.727124,3.11998
1.0426,3.33806
0.51648,3.23988
0.827694,3.14009
0.620134,3.12494
1.00448,3.32716
1.32569,3.21038
0.881671,3.22279
0.624403,3.02868
0.869799,3.19239
1.18392,3.33367
1.4361,3.30538
0.834329,2.87073
1.56067,3.06895
0.825384,2.84963
1.58681,3.26395
1.13036,3.19555
1.33134,3.11724
0.649044,3.12607
1.20114,3.11825
2.26199,3.40668
0.72149,2.96498
1.24599,3.14563
1.18847,3.10509
2.21275,2.90595
0.909751,3.3684
1.7986,3.01237
0.80404,3.01352
1.23209,3.12727
1.06556,3.01829
-0.0696715,2.74801
0.798326,3.03472
1.71371,3.02795
1.20688,3.1574
2.3116,3.06434
0.423933,2.99219
1.10453,3.10886
0.99915,2.9794
0.985527,3.04045
0.965006,3.01413
1.51954,3.15769
1.60664,3.19746
0.838797,3.13657
1.30559,3.18369
1.31012,3.08151
2.01229,2.90877
0.694728,3.14546
0.707727,3.11901
1.61793,3.31026
0.754343,3.12356
0.53512,3.30158
1.213,3.09086
1.21417,2.95741
1.15226,3.16325
0.888867,2.82768
1.43152,3.12335
1.07224,3.14758
0.604118,3.1352
0.41343,3.02977
0.983246,3.21727
0.493871,3.02687
0.534274,2.97546
1.18462,3.27485
1.51295,3.3971
0.684837,3.30913
1.82154,3.21342
0.796704,3.15141
0.774047,3.19428
1.86918,2.86632
1.43894,3.14074
1.45924,3.15023
-0.0538884,2.75112
1.65801,3.13088
0.561753,3.00808
0.88158,3.16866
0.841001,3.10715
1.72608,3.1591
0.882964,3.26825
0.927818,3.04871
1.00046,3.31127
1.22614,3.23663
1.3164,3.22947
0.600539,3.1491
1.11705,2.98804
0.543344,2.96508
1.02124,3.52887
1.12551,2.96633
1.1435,3.14303
1.82761,3.22173
1.32951,3.17953
1.25721,3.06888
0.106341,3.09068
1.07909,2.86371
0.936509,3.3237
1.1297,3.09459
0.719866,3.15681
0.987405,3.38508
0.841412,2.94602
0.136367,2.98051
1.30498,3.06645
1.43229,3.0005
0.107878,3.04964
0.473632,2.96265
0.561441,2.90032
1.47212,3.0921
1.75668,3.27777
1.8609,3.32763
1.20091,3.27579
1.88113,3.40712
0.882037,3.06435
0.920326,3.18191
1.33147,3.05147
0.82803,3.11571
1.19575,3.0183
0.882954,3.02416
1.25056,3.26441
1.04644,3.25534
1.68174,3.23199
0.705799,3.38579
0.492418,3.11582
0.75555,3.11003
0.296145,3.07186
1.41819,3.13966
0.834473,3.23904
0.538726,2.94494
1.1052,3.07389
2.36547,2.94208
1.24875,3.25314
0.179525,2.81433
0.691426,2.9601
1.87721,3.37031
1.32721,3.21256
1.05705,2.90156
1.56124,3.15912
0.428799,3.16405
1.65898,3.13485
1.18769,3.14213
1.23633,3.23152
0.891498,3.16608
0.933139,3.12747
1.16908,3.06799
1.62435,2.98304
1.29651,3.19931
1.743,3.27158
0.91632,3.0158
0.210614,3.02565
0.915874,2.92468
1.18426,3.27276
1.35523,3.16592
0.340803,3.05689
1.48485,3.21756
0.43009,3.17284
1.59758,3.09727
0.786079,2.90823
1.13821,3.29153
0.418151,3.03111
1.38223,3.22716
0.386428,3.13339
1.05133,3.01258
1.09356,3.18978
1.01517,3.16667
0.978908,3.27397
1.08966,3.33703
1.4717,3.14115
1.79876,3.29741
0.878916,3.27008
0.489317,3.22012
1.44387,3.10623
1.48172,3.19164
1.29005,3.08661
1.64773,3.06259
1.41606,3.212
0.938234,3.04697
0.406804,3.03107
0.822996,3.04318
0.670938,3.2869
1.51111,3.01279
1.17294,3.23145
1.32395,3.09439
1.38552,3.15051
0.76073,3.0934
1.01228,2.87557
0.659425,3.05817
1.35314,3.29679
-0.259342,2.92148
0.578376,3.30975
0.44581,3.1382
1.67038,3.23225
0.682798,3.01178
0.233619,2.88105
1.63034,3.26336
0.927843,3.182
0.402148,2.88446
1.86684,3.00775
1.8914,3.16455
0.183542,3.14641
0.858078,3.27214
0.446163,2.74914
1.00482,3.08129
1.14919,3.16805
0.934177,3.12772
1.08541,2.97162
0.603199,3.03701
1.9674,2.98008
0.4148,3.23519
0.296154,2.82006
0.651434,3.0641
0.764564,3.09802
-0.135567,2.89128
1.23542,3.0728
0.929175,3.26431
1.55897,3.08948
1.28278,3.32625
0.593594,2.94131
0.510782,2.8837
1.50421,3.14805
0.768959,3.09504
1.33542,3.1244
1.11421,3.1211
0.814272,3.1223
0.533482,3.25375
1.14653,3.43169
0.608898,3.27017
1.13944,3.24535
1.14271,3.31613
0.650233,3.08639
0.581861,3.05535
0.944328,3.36205
0.798646,3.46038
0.872792,3.24201
1.0559,3.09437
0.652146,3.10068
0.482365,2.95062
0.322194,2.86335
1.02739,3.18161
-0.103377,2.88642
0.899551,3.01362
-0.0109092,2.62546
0.544101,3.10019
0.308978,3.04859
1.39784,3.23262
0.938119,3.44708
*
-1.07623,2.05131
-0.555559,3.66596
-1.57886,2.62872
-0.757658,3.54583
-1.30075,2.61623
-0.90664,3.32197
-0.413882,3.831
-0.758612,3.98454
-1.61524,1.20134
-1.06469,2.28766
-0.905591,3.22354
-1.57069,2.71974
-1.02524,3.26257
-1.0525,2.73971
-1.29703,2.84217
-1.90304,1.95081
-1.68101,2.36898
-0.513226,3.51779
-1.07848,2.76317
-1.169,3.8223
-1.09072,2.81879
-1.12565,3.281
-1.19805,2.98247
-1.83731,2.25572
-1.79061,1.89968
-1.37491,2.40404
-0.270334,3.60649
-0.228848,3.51712
-0.693387,3.42764
-1.20919,2.99174
-1.56557,3.01028
-1.18866,2.78297
-0.382995,4.01575
-0.960054,2.78452
-1.31795,3.16914
-0.54787,3.27911
-1.65634,2.22595
-0.0165651,4.19793
-0.771568,2.49638
-1.81064,2.70562
-1.46321,2.27057
-1.63643,2.42004
-0.993607,2.6231
-0.964143,2.6926
-0.510894,3.82761
-0.801992,2.91045
-1.17621,3.58063
-0.73149,3.31368
-1.83718,2.55798
-1.74541,2.86921
-1.32918,2.69211
-1.09883,3.26921
-1.52568,2.65585
-1.06307,3.59137
0.0338944,3.87718
-1.54854,2.90117
-0.755402,3.55086
-0.825174,3.47707
-0.791857,3.26629
-0.635241,3.04885
-0.473968,3.35976
-1.56906,2.89096
-0.0456183,3.91232
-0.723352,2.89684
-1.42608,3.04571
-1.59154,3.25282
-1.63328,1.81834
-0.77606,2.86214
-0.52817,2.9313
-0.108181,3.56596
-0.0432744,4.04289
-1.40749,2.45929
-1.2801,1.87277
-1.38553,3.12514
-1.13353,3.12479
-0.873401,3.14654
-1.68499,2.40843
-0.770275,3.35843
-1.32711,2.66454
-1.42747,3.16317
-0.530524,3.45571
-0.56168,3.76496
-1.7379,2.63472
-1.69678,2.54319
-0.849919,3.06424
-1.30232,2.83651
-1.58945,3.19636
-1.34308,3.02733
-1.02805,2.9447
-0.593779,3.24527
-1.73694,2.18732
-0.677355,2.49896
-1.36019,2.99031
-0.683984,3.09379
-1.09721,2.44457
-0.989066,3.87529
-1.59854,2.92092
-1.37936,2.64565
-0.811328,3.73703
-0.744252,4.22053
-1.22401,2.96745
-1.7935,2.52249
-1.36449,3.50172
-0.859084,3.2811
-1.31978,2.13845
-1.05631,2.80141
-0.654429,4.21025
-1.37952,2.63917
-1.21095,1.50422
-0.917342,2.87289
-1.41426,2.23901
-1.60144,3.52094
-1.10707,3.60096
-0.986938,2.98818
-1.33709,3.0483
-1.656,2.54864
-1.41788,2.62725
-1.34256,3.14892
-0.412509,3.92701
-0.996226,2.72333
-1.81188,3.04529
-1.00033,2.76385
-1.39015,3.85071
-1.17189,3.0218
-0.920119,3.02165
-0.0149727,3.45249
-0.908276,3.58275
-1.12729,3.33817
-0.85142,2.55825
-1.74724,2.81552
-0.927759,3.39793
-1.17219,3.18853
-0.678692,2.95979
-0.734366,3.33506
-0.906588,3.06305
-1.68494,2.9195
-0.826074,3.64474
0.220497,4.30905
-0.55472,3.50055
-1.37789,3.43233
-1.12099,2.73744
-1.62745,3.09688
-1.35434,3.53035
-0.322932,4.08253
0.523398,4.04529
-0.605323,3.69264
-0.67895,3.1515
-0.350399,4.46723
-1.18557,2.81413
-0.95892,3.75659
-0.252223,3.97657
-1.35934,2.17424
0.0757771,3.92515
-0.403398,3.88884
-1.13481,2.97175
-1.29851,3.77744
-1.64419,1.96947
-1.37305,2.57167
0.23288,4.40355
-0.907346,3.21237
-1.23517,2.47737
-0.720049,3.24085
-0.66,3.26572
-0.415368,4.19591
-0.518976,2.90322
-1.49034,2.41288
-0.997627,2.59206
-1.47131,2.09423
-1.32854,3.79977
-0.78807,3.46088
-1.69328,2.50362
-1.29218,1.32799
-1.02545,2.74328
-0.568813,3.13176
-0.342794,4.19032
0.426154,3.69034
0.418549,4.40443
-1.07235,3.10332
-1.16072,3.14039
0.137618,4.19925
-1.17203,2.27472
-0.327437,3.09121
-1.63652,2.87366
-0.93123,3.73641
-1.01846,2.97252
-0.67055,3.03747
0.595543,4.58529
-1.58984,1.56752
-0.60201,3.78888
0.800048,4.0458
-1.42409,2.45729
-0.77235,3.03419
-1.16024,3.10216
-0.325341,3.69355
-0.465731,3.47288
-1.41535,3.06114
-0.657799,3.97873
-1.49158,2.80568
-1.25506,3.51145
-1.0304,3.16082
-0.231054,4.19619
-1.21815,2.84164
-1.47575,2.84718
-0.303271,3.66974
-1.76454,3.16722
-1.21236,2.80534
-0.416205,2.73476
-0.590238,2.65644
-1.33888,3.3157
-1.1608,2.63374
-1.24197,2.40179
-0.798857,3.34153
-0.808985,2.9231
-0.490236,2.84915
-0.979426,2.98507
-1.00579,2.87059
-0.751873,3.16619
-1.75487,2.50697
-1.91056,2.54695
-0.789713,3.12811
-1.88098,2.16244
-0.651199,2.63621
-0.954831,2.92631
-0.260683,3.40597
-0.394682,3.4463
0.00765674,4.07223
-0.638203,3.88227
-1.13862,3.75188
-0.786686,2.27459
-1.71132,1.99132
-1.26487,2.52566
-0.152914,4.19347
-1.3531,2.51832
-1.25548,3.21175
-0.207136,4.40679
-0.991552,3.25355
-1.31908,3.33612
-0.142909,3.60016
-0.887774,3.05464
-0.449362,3.78859
-1.78676,2.13916
-0.364601,4.1306
-0.867017,3.25327
-1.7245,2.53149
-1.9106,2.31412
-1.83824,2.22977
-0.826611,2.83577
-1.69081,2.96755
-0.746988,3.59175
-1.35085,3.14032
-1.03394,2.65568
-0.32629,4.00738
-1.16316,2.36172
-0.163312,3.27537
-1.77818,2.44729
-1.28644,2.16152
-0.978477,3.20696
-1.7518,2.72891
-1.41846,2.52008
-0.688846,3.11688
-1.56138,2.98455
-0.899227,3.15978
-1.24858,2.50337
-1.14837,3.32344
-1.92271,1.19868
-0.896731,2.77936
-0.631621,2.79909
0.50516,4.05992
-0.805048,3.10503
-1.46447,2.54292
-0.715875,3.22822
-0.782886,3.14276
-1.26784,2.5133
-1.5212,2.97974
-0.645751,3.79114
-1.15459,1.90135
-0.92198,2.90697
-1.58974,2.67273
-0.970094,2.8161
-0.908312,3.47772
-1.10172,1.81506
-1.13588,2.22068
-1.57179,2.8896
-1.62959,2.54379
-0.863297,3.86596
-0.813411,2.89987
-1.51163,2.8207
0.563999,4.1162
-0.528591,3.17871
-0.79374,2.3184
-0.41493,3.51024
-0.376247,3.66523
0.567364,3.93387
-1.00846,3.32473
0.126294,4.0842
-0.934831,2.99692
-1.10779,3.5318
-0.560322,3.60295
-0.788344,2.70847
-0.684075,2.52549
-0.472616,3.80845
0.376123,3.32869
-1.34707,2.78101
0.195657,3.81447
-1.25104,1.97106
0.016577,4.64364
-1.17417,3.3607
-1.41023,2.70235
-1.18789,2.3777
-0.507501,3.20861
-1.44851,2.63577
-0.107885,4.04586
-1.36604,2.55759
-0.702434,2.42165
-1.50235,2.87152
-0.3863,3.37393
-1.77585,3.09194
-0.486995,3.15987
-0.741048,3.3656
-1.05776,2.22359
-0.655072,3.61899
-1.18173,2.89244
-0.355528,2.8616
-0.85638,3.13347
-1.25921,3.36908
-0.913932,3.03135
-1.38791,3.60775
-1.13085,3.65271
-0.769258,3.47922
-1.40749,3.30231
-0.978453,2.81319
-0.836347,3.53392
-1.09675,3.69211
-1.60454,3.07407
-0.790815,2.40203
-0.653864,2.4478
-0.695874,3.04841
-0.672213,2.8389
-0.977801,3.20549
-0.560024,2.99669
-0.917461,3.38789
-1.05408,2.84789
-1.62583,2.12891
-1.38497,2.61967
-2.57527,2.26416
-0.43464,3.33153
-0.839941,2.54564
-0.313084,4.55186
-0.867866,3.6129
-1.14719,3.2428
-2.43351,1.85093
-1.23054,3.05696
-0.974862,2.4142
-0.235719,3.5234
-1.23264,1.72015
-0.742365,3.71927
-1.69318,1.91749
-0.69506,3.88513
-1.3379,3.45252
-1.26242,2.45812
-0.352771,3.23471
-0.870892,3.51163
-2.10205,2.75521
-0.431734,3.34443
-0.787966,3.32258
-0.834297,3.56896
-0.936003,2.90362
-1.25935,2.38952
-1.36323,2.72683
-0.9322,3.40255
-0.642343,3.73788
-1.16047,3.48536
-1.09282,3.00113
-1.41551,3.00329
-1.44239,3.55542
-1.74046,1.98231
-1.00192,2.83973
-1.06576,3.68807
-1.62809,3.55317
-1.41066,3.04151
-0.595568,4.38169
-0.553638,3.61917
-0.393095,3.27668
-1.29847,2.83312
-0.771094,2.79816
-0.631279,3.00577
-1.09429,2.95708
-0.116863,3.43158
-0.659035,3.837
-0.45821,3.05786
-0.818219,3.14758
-1.03612,3.5171
-1.11617,2.76512
-0.996251,3.12855
-0.615871,3.87238
-1.73798,3.46442
-0.574321,2.91668
-0.630538,3.91815
-1.8297,2.88288
-0.28218,3.75833
-2.07297,2.16445
-0.732683,3.00901
-0.732265,4.30546
-1.40133,2.32935
-0.755173,3.80156
-1.58013,2.46683
-1.15615,4.27928
-0.637417,2.83919
-1.20651,3.35343
-0.828499,3.91271
-0.651187,3.94535
-1.66569,2.21758
-1.56786,2.96327
-1.25515,2.34932
-0.945589,3.34165
0.465698,4.5646
-0.737786,3.198
-0.869591,3.93306
-1.48341,3.40667
-1.22796,3.9251
-1.46677,3.4201
-1.53841,2.03001
-0.755766,3.93174
-0.954466,3.61255
-1.36332,3.77184
-0.916315,2.9945
-1.68408,2.08888
-1.39408,2.80489
-1.6172,2.54379
-0.763229,3.48605
-1.07253,3.06129
-0.0848947,3.81586
-0.790883,3.00367
-0.802531,3.73454
-0.297733,3.39476
-1.11328,3.0339
-1.02683,2.69573
-1.76104,2.94291
-0.485226,3.34002
-0.801844,3.41281
-0.292533,2.5491
-1.38328,2.26134
-0.237763,3.06532
-0.386021,4.02403
-0.574494,4.20704
-0.60094,4.19402
-0.857163,3.21719
-1.64711,2.65929
-0.511594,3.20862
-0.685567,3.67342
-0.868416,2.7967
-0.924043,2.34385
-1.23407,4.22747
-0.157882,3.38127
0.140118,2.95591
-0.954885,2.3219
-1.56644,2.5767
-1.10494,1.90523
-0.198197,4.44219
-0.413827,3.66503
-1.22762,2.8654
-1.0598,2.5737
-0.825095,3.28218
-0.247562,3.64021
-0.136611,3.62806
-0.997174,2.8704
-1.11713,3.12276
-0.706966,3.42083
0.272556,4.37194
-0.667785,3.35046
-0.975621,2.95977
-0.313975,4.15789
-1.61008,2.35669
-1.63365,2.79456
-1.39161,3.0666
-1.29007,3.3837
-0.871595,3.30021
-0.137344,3.94989
-1.39167,2.60298
-1.1095,3.61222
-1.01745,2.84231
-1.1231,2.47054
-0.925813,2.9671
0.584604,4.30577
-1.39365,2.67936
-0.63365,2.90566
-1.33883,2.63712
-1.15435,3.61966
-1.74657,2.616
-1.64531,2.20362
-1.52993,3.14634
-0.744044,3.61969
-0.716787,2.95299
-1.05019,2.51396
-1.57554,2.90368
-1.30418,2.84034
-1.36067,2.89181
-1.03766,2.79266
-0.939353,3.41178
-1.0307,3.32036
-0.564031,3.98646
0.0577128,3.92033
-0.950698,2.76934
-0.382895,3.55636
-0.756855,3.65694
-0.809194,2.84705
-0.77248,2.8623
-2.06844,2.28852
-2.21528,2.76063
-0.270373,3.60381
-0.91123,2.64573
-0.980832,2.965
-1.54064,1.7466
-0.551652,2.91803
-1.17584,3.04578
-1.0715,2.39146
-0.741443,2.8769
-0.730177,2.59815
-0.951105,2.89726
-1.60695,3.74611
-1.03672,3.05547
-1.55687,2.68156
-1.26652,2.65215
-1.09847,3.40968
-0.543606,3.59979
-0.706416,3.6435
-0.443658,3.27343
-1.32366,2.92165
-1.50739,2.80751
-0.458432,3.76998
-1.53643,3.06914
-0.954925,2.74828
-1.5521,2.4784
-1.38491,2.2263
-1.10805,2.78365
-1.28329,2.93782
-1.27811,2.92517
-1.5768,2.26185
-0.853172,3.8771
-1.18294,2.72788
-1.25626,2.47374
0.268249,4.15997
-0.338979,3.27471
-0.971019,3.34708
0.0013815,3.41239
-1.81944,2.53622
-1.08665,2.02859
-1.67187,1.45439
-0.683812,3.25455
-1.35579,2.14339
-1.39381,2.43794
-0.50132,3.5928
-2.02141,1.75318
-0.818232,4.10724
-1.25228,2.97951
-1.1027,2.94613
-1.32651,3.39206
-0.836283,3.40342
-0.590707,3.40602
-1.28612,2.91867
-0.590184,3.10846
-0.325766,3.99322
-1.20218,2.71602
-1.78992,2.15975
-1.4317,1.86289
-0.892704,3.2498
-1.82482,2.07984
-0.925926,2.21196
-1.18286,2.35687
-0.536005,3.77627
-0.94545,3.34164
-0.684443,2.70445
-1.33212,2.36388
-1.78985,3.22202
-0.833772,3.2847
-1.54026,3.01667
-0.96241,3.54052
-1.66389,2.91149
-1.52137,3.24465
-0.915059,2.52621
-0.905961,3.33288
-1.36047,2.78795
-1.3739,3.1481
-2.15574,1.70055
-1.10957,2.31445
-0.807197,3.22527
-1.85672,2.78665
-1.17997,2.44489
-0.808085,3.0572
0.503292,4.32936
-1.48846,1.93479
-0.982571,3.1514
-1.22287,3.10857
-1.60478,2.7177
-0.583197,3.47263
-0.767385,3.37159
-0.97198,3.29714
-0.869795,3.68811
-1.62742,2.77861
-1.01252,3.25317
-0.773404,3.39512
-0.900595,3.01574
-1.0029,2.97944
-1.20233,2.40693
-1.19694,2.41544
-0.778378,3.57877
-0.146001,3.57484
-0.85186,3.23941
-0.906441,3.07495
-1.45558,2.2387
-0.939941,3.19364
-0.718825,3.12533
-1.02899,2.0987
-0.288573,2.42173
-1.52559,2.44834
-1.12179,3.1881
-0.954852,3.70355
-1.09011,2.81879
-1.02815,2.9022
-0.99281,3.15463
-1.27082,2.91608
-1.04564,2.53067
-1.10891,2.96452
-0.880123,2.73866
-1.11716,3.18009
1.33186,4.55127
-0.549704,4.61905
-1.20338,2.07692
-1.15561,2.96615
-1.27643,2.29506
-0.54281,3.55568
-0.326579,3.86678
-1.17509,2.34158
-1.34071,2.79127
0.113862,3.68973
-1.66041,3.16861
-0.590545,2.53933
-1.67736,2.57336
-0.815018,3.33843
-1.07774,2.55138
-1.74334,3.15001
-0.955776,3.41812
-1.5796,3.38875
-1.15886,3.72445
-0.00719429,3.45302
-1.55752,1.72157
-1.4483,2.94491
-0.733769,3.24847
-1.34278,2.97337
-1.06815,3.1698
-1.90914,2.95528
-0.260076,3.80658
-0.733092,2.9764
-0.996415,2.96726
-1.16439,2.52851
-1.42044,3.65778
-0.850328,3.54539
-1.85532,2.75155
-1.27457,2.8393
-0.737329,3.65022
-0.764362,3.222
0.755797,4.12683
-0.207004,2.92823
-0.0588687,4.14705
-0.169572,3.97857
-0.600297,2.90936
-0.0502557,4.22162
-1.42733,2.96095
-0.64258,3.7588
-1.98009,2.40081
-0.936445,3.83503
-0.947179,3.35128
-0.179455,3.81177
-0.0136882,4.3531
-1.08278,3.28329
-0.463297,3.47352
-0.352383,3.4037
0.238923,3.9236
-1.19422,2.09453
-1.04143,3.41938
-0.92795,3.16797
-0.852264,2.81678
-0.837445,3.15664
-1.10435,2.57477
-1.69927,2.66753
-0.326262,4.15817
-1.1527,2.78683
-1.46773,2.34361
-1.1182,3.24193
0.0426995,4.19499
-0.856577,2.98949
-1.58573,2.8979
-1.10433,3.61491
-0.0270608,4.26796
-1.33772,3.34348
-0.612133,3.17375
-1.77586,2.46609
-0.898848,2.20477
0.417393,4.2641
-0.811962,3.73987
-0.794795,2.158
-1.13285,2.504
-0.651475,3.37967
-1.61704,2.44271
-1.64821,3.22972
-0.628428,3.80507
-1.54353,2.61303
-2.08567,2.51311
-1.61923,2.01222
-1.16339,2.97001
-1.54611,2.60234
-1.02841,2.46267
0.0228271,3.99824
-1.38812,3.23112
-1.10074,2.36614
-0.387052,3.8644
-0.667542,3.23264
-1.37845,2.78077
-1.0309,3.27571
-0.963319,3.2602
-0.932262,3.43866
0.539107,4.32156
-1.0899,2.99314
-1.0342,3.31894
-1.00728,3.07653
-0.501617,3.5461
-0.822978,3.3438
-1.33904,2.60368
-1.96376,2.54289
-1.67873,3.09144
-1.31404,3.24932
-1.51982,2.45977
-1.01812,3.54805
-1.0384,2.4125
-1.85763,2.93437
-0.612054,3.49094
0.213685,3.71087
-0.495642,3.17531
-0.798235,3.01113
-0.799044,3.91181
-0.774648,3.81918
-0.855857,3.9104
0.204334,3.96063
-1.08569,2.9406
-1.14023,2.88985
-1.54877,2.90754
-1.23269,2.54959
-1.55536,2.53396
-1.39089,1.86723
-1.59867,3.05765
0.163306,3.52362
-0.683028,2.46726
-0.542137,3.19218
-1.06507,3.29429
-2.11269,2.86356
-0.682119,3.58885
-0.824289,3.16398
-1.3358,3.00088
-1.46634,3.3318
-1.04019,3.77907
-1.67312,3.39709
-1.11597,2.80543
-1.50811,2.83487
-1.17737,3.56971
-0.784258,3.51057
-1.19331,3.41567
-0.981962,2.19011
-1.12713,2.92492
-0.886467,3.8056
-0.549684,4.24121
-1.09415,2.16884
-0.513494,3.5129
-1.19748,2.29346
-0.398869,3.8075
-0.900694,3.22416
-0.777866,3.36952
-1.59055,3.13802
-0.725605,2.84201
0.907672,5.166
-1.28002,2.34526
-0.937743,3.15188
-0.77638,2.8946
0.287433,3.87385
-1.16599,3.70533
-0.234224,3.31941
-1.25605,2.60544
-0.921296,3.39806
-1.06157,3.0816
-1.70852,1.61963
-1.15624,2.59532
-0.412771,3.66285
-0.737624,3.02974
0.625413,4.35549
-1.4003,2.40157
-1.10902,3.10626
-1.15609,2.77149
-1.0129,2.73894
-0.938385,2.53226
-0.505841,4.174
-0.445474,3.711
-1.23751,3.08141
-0.753328,3.4006
-0.585215,2.73479
0.0118202,3.42686
-1.36346,2.85824
-1.27643,2.9704
-0.288068,4.18149
-1.17295,2.63194
-1.37937,3.13731
-0.869228,2.98719
-0.83897,2.73357
-0.919889,3.33343
-1.05174,2.09945
-0.592916,3.28145
-1.04059,3.16234
-1.60247,3.32098
-1.46284,2.38691
-1.02579,3.08883
-1.25608,2.23921
-1.5053,2.38295
-0.990405,4.04909
-0.347874,4.19222
-1.51879,3.66551
-0.0543726,3.73508
-1.39655,3.23097
-1.22024,3.04583
-0.29181,3.16705
-0.743737,3.56571
-0.591714,3.57489
-1.41085,1.32152
-0.290143,3.50645
-1.43766,2.32631
-1.1355,2.90397
-1.14676,2.91556
-0.170845,3.33117
-1.09795,3.2613
-0.991288,2.69385
-1.10656,3.76686
-0.915512,3.5405
-0.631093,3.66155
-1.39172,2.91758
-1.11984,3.04446
-1.46541,2.39375
-0.931526,3.96244
-0.911756,2.85045
-0.933844,2.96935
-0.0713542,3.98537
-0.623882,3.10987
-0.90654,3.42594
-1.98629,2.5839
-0.970139,2.36862
-1.07522,3.61065
-0.958163,3.10112
-1.111,2.74392
-1.07308,3.58111
-1.23746,2.64257
-1.82452,2.35418
-0.831786,3.20549
-0.577522,3.07055
-1.77704,2.37256
-1.21273,2.03614
-1.37472,2.10798
-0.647845,3.62835
-0.17966,4.06306
-0.0984228,4.148
-0.898646,3.5153
0.133025,4.50668
-1.12513,2.80428
-1.08789,3.2828
-0.687215,3.16577
-1.31486,3.21902
-0.86438,2.72486
-1.15009,2.50006
-0.817162,3.61971
-1.02328,3.46958
-0.267911,3.82862
-1.32441,3.59241
-1.52082,2.81162
-1.31577,2.87027
-1.73865,2.69926
-0.56318,3.20063
-0.964586,2.95513
-1.39033,2.15912
-0.932632,2.78148
0.539915,3.67321
-0.816381,3.71627
-1.31554,1.54859
-1.30106,2.42304
0.0499861,4.56064
-0.615466,3.14109
-1.00346,2.38607
-0.445821,3.44093
-1.44205,2.59915
-0.265012,3.28053
-0.895248,3.39404
-0.806019,3.26565
-1.13954,3.12879
-0.971522,2.59772
-0.966516,3.14691
-0.419489,2.91845
-0.704769,3.48725
-0.246012,4.41951
-1.12921,2.81745
-1.53081,2.17231
-0.930671,2.1908
-0.86827,3.49139
-0.615601,3.20487
-1.86011,2.88214
-0.526082,4.18406
-1.66214,2.98552
-0.487624,3.45787
-1.05923,2.22494
-0.983542,3.95872
-1.4446,2.36353
-0.561641,3.83162
-1.72779,2.86501
-0.887579,2.46965
-1.07731,3.59797
-1.17921,3.35698
-1.11375,3.61416
-0.986508,3.97467
-0.604985,3.56335
-0.0491262,4.09144
-1.13627,3.3324
-1.48675,2.91576
-0.663612,3.32716
-0.494222,3.50974
-0.720754,3.04508
-0.420617,3.19321
-0.565897,3.63138
-0.872089,2.44593
-1.66273,2.78552
-1.05633,2.48712
-1.29038,3.14633
-0.459218,2.83111
-0.764944,3.3878
-0.839212,3.36447
-0.587924,3.34054
-1.29373,2.79861
-0.820638,2.11739
-1.41578,2.76995
-0.542853,3.5274
-2.27476,2.20878
-1.25298,2.9693
-1.56413,2.72068
-0.186649,3.63335
-1.45454,2.74067
-1.76433,2.11412
-0.354107,3.88285
-1.0799,2.9275
-1.33429,1.93089
-0.175565,3.88701
-0.116405,4.05593
-1.75205,2.54346
-1.03998,3.15382
-1.35444,1.70322
-1.0003,2.589
-0.894934,3.19842
-1.16168,3.05525
-0.929201,2.64797
-1.54162,2.69786
-0.0191699,3.42999
-1.68254,2.81043
-1.58413,1.90813
-1.23643,2.4773
-1.25783,2.74092
-1.93234,2.0386
-0.874635,3.2394
-1.16805,3.36203
-0.390845,3.15984
-0.691025,3.50545
-1.51439,2.59902
-1.33731,1.93619
-0.567954,3.43804
-1.28681,2.74633
-0.604499,3.15499
-0.937216,3.03795
-1.37034,2.9849
-1.54532,2.99631
-0.793132,3.91765
-1.51142,3.40361
-1.06929,3.4366
-0.884668,3.53966
-1.45231,2.82586
-0.936519,2.10914
-1.05091,3.59765
-1.13393,3.59707
-1.20018,3.33852
-0.8904,2.95515
-1.43289,2.77818
-1.57257,2.4572
-1.71947,2.16792
-0.987256,3.02292
-2.00199,1.85044
-1.24472,2.94001
-1.63488,1.3816
-1.42179,2.56119
-1.6516,2.36664
-0.595167,3.64648
-1.12087,3.74104
*
-0.667141,0.0427854
-1.47367,1.76401
-1.49202,0.500724
-1.63652,1.86764
-1.09019,0.593393
-1.37497,1.36329
-1.65972,2.1245
-2.57838,2.66232
-0.395671,-0.713673
-0.919148,0.320476
-1.91299,1.23478
-1.96086,0.829933
-1.72518,1.30583
-0.918153,0.63089
-1.8518,0.880152
-1.49184,0.0438088
-1.81241,0.142526
-1.67832,1.73666
-1.46062,0.66907
-2.32721,2.08738
-1.52027,0.679842
-2.0804,1.3011
-1.17519,0.978939
-1.71942,0.337558
-1.57627,-0.268749
-1.78871,0.297131
-0.918821,1.75762
-0.935251,1.54647
-1.22324,1.38655
-1.91275,1.0825
-2.4462,1.08581
-1.04657,0.682885
-2.03311,2.62308
-1.42034,0.74787
-2.11816,1.13052
-0.774946,1.19262
-1.77578,0.147354
-1.3991,2.7783
-0.768436,0.379973
-2.13129,0.644276
-1.50124,0.101086
-1.95279,0.296684
-0.95509,0.610703
-1.30214,0.47647
-1.68706,2.0131
-1.78886,0.989636
-2.0053,1.62453
-1.22022,1.33203
-2.20621,0.52658
-2.41084,0.826344
-1.67596,0.774125
-1.9899,1.40314
-1.72198,0.685143
-2.00314,1.76381
-1.16996,2.38151
-1.90571,0.937103
-1.49609,1.74305
-1.64517,1.49879
-1.52496,1.42609
-1.11306,1.04185
-1.1444,1.48474
-1.78432,0.96415
-1.25216,2.25648
-1.07661,0.891848
-2.24058,1.14497
-2.26511,1.35464
-0.838684,-0.00989194
-1.50321,0.863502
-1.16201,0.974226
-0.889418,1.62596
-1.21659,2.28525
-1.08288,0.593946
-0.524141,-0.00580522
-1.78665,1.04077
-1.725,1.18022
-1.204,1.29079
-1.4011,0.309369
-1.39258,1.40622
-1.20293,0.716522
-1.98051,1.20431
-1.16443,1.45782
-1.42056,1.89873
-1.82058,0.595715
-2.01935,0.505106
-1.80778,1.11211
-1.43977,0.923143
-2.51471,1.12241
-1.90108,1.11913
-1.79517,1.01813
-1.07931,1.20249
-1.67615,0.0835328
-0.642344,0.321425
-2.20586,1.00547
-1.26057,1.00154
-1.0065,0.439476
-2.4335,2.20142
-1.83777,0.909686
-1.73927,0.657434
-1.80953,2.00735
-2.2263,2.85935
-1.52132,0.928016
-2.38314,0.386277
-2.6351,1.74008
-1.74524,1.59666
-0.838663,0.169995
-1.65195,0.808882
-2.22409,2.86707
-1.40065,0.607533
-0.629285,-0.713625
-1.71468,0.844508
-1.36112,0.178076
-2.46367,1.72203
-2.06519,1.71809
-1.14519,0.941736
-1.97895,1.16173
-2.36381,0.533357
-1.85457,0.547138
-2.50151,1.35404
-1.52968,2.20118
-1.51328,0.65494
-2.46952,1.19072
-0.9646,0.734022
-2.48195,2.2065
-1.95989,1.03539
-1.30747,1.01063
-0.771326,1.58846
-2.18466,1.94076
-1.52705,1.49968
-1.00388,0.558354
-2.25032,0.825964
-1.95311,1.57059
-1.73084,1.29162
-0.728297,1.09445
-0.784338,1.35278
-1.28375,0.963781
-2.3329,0.967057
-1.76852,1.92894
-1.42015,3.24751
-1.27,1.4942
-2.30732,1.61026
-1.08432,0.716654
-2.33361,1.08341
-2.40212,1.714
-1.5492,2.51821
-1.22682,2.87536
-1.45953,1.92861
-1.3666,1.25754
-2.10398,3.13593
-1.2904,0.790609
-1.67401,1.84186
-1.20047,2.17032
-1.44517,0.149616
-0.978645,2.11217
-1.82392,2.28621
-1.95312,1.10021
-2.35964,1.93325
-1.40297,-0.0968031
-2.00615,0.466439
-1.43064,3.11397
-1.68365,1.24102
-1.28292,0.356437
-1.31152,1.19698
-1.71074,1.40943
-1.93327,2.7491
-0.73062,0.954943
-1.315,0.48218
-0.751114,0.486485
-1.11768,0.0780846
-2.65189,2.19904
-1.59312,1.65879
-1.10304,0.586916
-0.552257,-0.739684
-1.19482,0.755186
-1.35743,1.17146
-1.94537,2.81142
-1.39181,2.37847
-1.44386,3.37535
-1.61921,1.08827
-1.44819,1.21683
-1.61636,2.99677
-0.794435,0.186731
-1.07821,0.921068
-1.96499,0.823395
-2.09729,1.88248
-1.10613,0.914401
-1.20662,0.931994
-1.10741,3.52955
-0.949555,-0.388949
-1.78613,2.26229
-0.767686,2.53501
-1.61805,0.292362
-1.46369,0.988663
-2.04807,1.14624
-1.33627,1.99219
-1.49783,1.67692
-2.02413,1.07414
-1.88837,2.32579
-2.44577,0.78403
-1.88118,1.56467
-1.18373,1.22992
-1.87668,2.98103
-1.59242,0.892658
-1.54218,0.873321
-0.698624,1.70022
-2.51714,1.22534
-1.59077,0.783589
0.0840343,0.721434
-0.666259,0.469834
-2.20375,1.44811
-1.1013,0.699237
-1.65449,0.238118
-1.45563,1.44511
-1.21644,1.04754
-0.992118,0.776755
-1.40663,0.975126
-1.25131,0.862444
-1.34969,1.16693
-1.28432,0.564522
-1.80748,0.387786
-0.696127,1.29301
-2.15827,0.0358197
-0.872802,0.531885
-1.36042,0.886383
-1.11426,1.48494
-1.211,1.58465
-1.44592,2.52035
-1.36756,2.05602
-2.17626,1.98287
-0.316846,0.224841
-1.24728,0.0669167
-1.97164,0.480695
-1.38804,2.62766
-1.56023,0.498847
-2.06481,1.18687
-1.98017,3.30225
-1.58407,1.30668
-2.20937,1.40937
-1.7272,2.10038
-1.87658,1.17425
-1.76361,2.10679
-2.18097,-0.0110524
-1.622,2.55388
-1.41865,1.27935
-2.09031,0.605878
-2.25274,0.228248
-1.79092,0.209149
-0.820763,0.961176
-2.06563,1.03979
-1.28892,1.75078
-1.91453,1.25905
-1.24475,0.626763
-1.2759,2.38441
-0.941211,0.210064
-1.14686,1.42382
-2.02099,0.389899
-1.168,-0.0317201
-1.68338,1.2243
-2.1362,0.637054
-1.30343,0.563556
-1.02315,1.29342
-2.20758,0.897904
-1.72894,1.19306
-1.22891,0.501163
-1.86407,1.26046
-1.49835,-0.767468
-1.0122,0.666219
-0.601182,0.806333
-1.11249,2.70259
-1.13143,1.23257
-1.65509,0.54874
-1.48113,1.23278
-0.995385,1.07716
-1.18644,0.500152
-2.17721,1.1034
-1.70661,1.94511
0.0745253,0.272227
-1.31372,0.901744
-1.99985,0.601779
-0.932793,0.878729
-2.42791,1.94576
-0.343359,-0.102396
-1.15571,0.0620914
-2.18475,0.873539
-2.07951,0.401711
-2.1918,2.25276
-0.866999,0.836523
-1.83918,0.813325
-0.846268,2.56471
-1.28654,1.2682
-0.491001,0.374165
-1.76721,1.75895
-1.07831,1.81691
-0.935002,2.70994
-1.26002,1.31672
-1.50079,2.63372
-1.46497,0.96396
-2.33049,1.7911
-1.90907,2.02244
-0.818496,0.561706
-0.898355,0.26235
-1.983,2.22814
-0.403894,1.54058
-1.11776,0.818876
-0.692673,2.09438
-0.592514,0.140172
-1.57443,3.55555
-1.79686,1.51895
-1.85782,0.751202
-1.81858,0.296396
-0.798344,1.13024
-1.20679,0.698939
-1.60094,2.60087
-1.5364,0.49128
-0.416108,0.374897
-1.80751,0.847162
-1.65994,1.51642
-2.71389,1.24869
-1.28779,1.18935
-1.66723,1.4461
-0.657015,0.151347
-1.64875,1.79795
-1.73852,0.855024
-1.09476,0.784121
-1.82582,1.34861
-2.00372,1.4734
-1.31904,0.950154
-2.3544,1.84772
-1.81361,1.80042
-1.55682,1.61151
-2.47504,1.47266
-1.4156,0.744567
-1.35953,1.55497
-1.88215,1.83702
-2.44576,1.27619
-0.876272,0.309168
-0.900005,0.393022
-0.759365,1.06867
-0.493692,0.641395
-2.22206,1.46742
-1.15341,0.964036
-1.72404,1.68835
-0.865269,0.9516
-1.64842,0.175856
-1.69881,0.522706
-2.81843,0.168116
-1.55621,1.53483
-1.19504,0.500165
-1.79846,3.20859
-2.04692,1.74546
-2.02232,1.21186
-2.81276,-0.248225
-1.81771,1.14627
-1.11514,0.363183
-1.26926,1.74554
-0.214834,-0.124585
-1.52931,1.95725
-1.2949,-0.0421606
-1.76249,2.19417
-2.5611,1.69711
-1.29124,0.356445
-1.25491,1.27147
-1.58085,1.50472
-2.45883,0.734913
-0.961116,1.39121
-2.15414,1.57715
-1.34728,1.74409
-1.4471,0.904908
-0.930902,0.394492
-1.97503,0.620607
-1.83545,1.4637
-1.83499,1.90796
-2.46729,1.79486
-2.18582,1.16183
-1.95576,0.87173
-2.51691,1.63769
-1.02382,0.266112
-1.34728,0.725212
-2.16847,1.94802
-2.86827,1.79939
-1.34918,1.06044
-2.38973,3.35669
-1.13994,1.81287
-1.24264,1.2709
-1.57289,0.835047
-0.446406,0.862305
-1.06313,1.11784
-1.56841,0.944663
-0.575929,1.50351
-1.91688,2.1639
-1.50525,1.21168
-1.23941,1.18345
-2.03553,1.59442
-1.8591,0.819074
-1.8599,1.19568
-2.01208,2.20093
-2.71923,1.69765
-1.143,0.88508
-2.18436,2.45939
-2.44523,0.855812
-1.63647,2.25096
-1.98172,0.0469295
-1.54097,1.0983
-2.35353,2.98721
-1.91043,0.264668
-2.30889,2.23175
-1.7464,0.432256
-2.11764,2.68672
-0.747533,0.779281
-1.68449,1.54542
-1.63429,2.14227
-1.41995,2.07908
-1.2538,0.238901
-2.02278,0.875503
-1.58646,0.201334
-2.12155,1.52273
-1.458,3.54791
-1.41885,1.2855
-2.32416,2.47525
-2.22904,1.48673
-2.51548,2.32579
-2.69096,1.61546
-1.40871,-0.00287485
-1.79179,2.19846
-1.88915,1.86408
-2.85707,2.1842
-1.05266,0.884969
-1.44045,0.0712932
-1.68262,0.813329
-2.20174,0.700379
-1.61603,1.50432
-1.74444,1.17226
-1.0964,2.17853
-1.73011,0.998828
-1.97785,2.16314
-1.49015,1.4709
-1.89726,0.992683
-1.08343,0.527082
-1.76003,0.945332
-0.927878,1.3117
-1.60044,1.47428
-0.38274,0.45955
-1.56519,0.119034
-0.186507,1.18342
-1.68245,2.42405
-2.17811,2.98058
-2.22254,2.83796
-1.79105,1.24654
-1.56478,0.647758
-1.19559,1.17517
-1.82923,1.93379
-1.11241,0.75059
-0.538439,0.418152
-2.36472,2.60935
-0.95784,1.54049
-0.255628,0.851998
-0.900712,0.237535
-2.30454,0.579334
-1.01037,-0.163697
-2.07848,3.45511
-1.63561,1.94778
-1.90004,0.789727
-0.931632,0.509554
-1.62503,1.33487
-1.16947,1.8452
-1.20923,1.8506
-1.04339,0.949627
-1.57483,1.20707
-1.21617,1.54148
-1.56022,3.25348
-1.74405,1.50768
-1.16619,0.881222
-1.95079,2.8927
-1.77265,0.296686
-2.2905,0.709429
-1.78637,1.02386
-2.20878,1.45043
-1.70987,1.3069
-1.26724,2.2191
-1.08711,0.61438
-2.05344,1.9215
-1.74007,0.988109
-1.10391,0.408357
-1.05907,0.999259
-1.14057,3.03777
-1.38696,0.618276
-0.886556,0.959958
-1.36247,0.643471
-2.34093,1.88196
-1.81836,0.605486
-1.29839,0.0752598
-2.23917,1.38515
-1.5689,1.78508
-1.09034,1.01509
-1.25246,0.438468
-1.79081,0.929695
-1.98447,0.826009
-1.97347,0.734812
-0.929083,0.622299
-1.90523,1.45814
-1.63662,1.45698
-2.18563,2.62021
-1.01387,2.3317
-0.736456,0.731837
-2.08728,2.00721
-1.76743,1.96515
-1.60363,0.867863
-0.661423,0.875509
-1.85621,0.297366
-2.99463,0.79454
-1.75583,2.0667
-1.21559,0.417124
-1.59526,0.854457
-0.73574,-0.0283089
-0.648394,0.918841
-1.56709,1.01571
-1.61558,0.374217
-1.21777,0.878772
-0.663587,0.485738
-1.13168,0.78494
-2.76622,2.04378
-1.5343,1.0307
-1.77397,0.697227
-1.71881,0.575689
-2.06793,1.46614
-1.41602,1.76015
-1.7422,1.89226
-1.13322,1.43673
-1.95204,0.9167
-2.67613,0.929992
-1.86602,2.13803
-2.05543,1.10628
-0.890531,0.776377
-1.59826,0.503988
-1.28452,0.228868
-0.980237,0.792261
-1.59313,0.892585
-2.19511,0.91297
-1.29201,0.249707
-2.51951,2.58558
-1.27746,0.608809
-0.816402,0.30664
-1.15743,2.76221
-1.3958,1.35712
-2.06064,1.68913
-1.22835,1.65023
-1.59749,0.716384
-0.422451,0.00999305
-0.653607,-0.282106
-0.828518,1.31972
-1.23423,0.202007
-1.33893,0.311517
-1.12843,1.59235
-1.45571,-0.135328
-1.7294,2.41608
-1.60164,0.810833
-1.21155,0.862026
-2.20716,1.50898
-1.91433,1.71653
-1.47938,1.57059
-1.37246,0.960861
-1.72384,1.25385
-2.1069,2.80897
-2.10598,0.689003
-2.11283,0.0545368
-0.892275,-0.298051
-1.95303,1.49629
-1.78332,0.0223847
-0.519093,0.270059
-1.4107,0.103469
-1.84733,2.12882
-1.85516,1.3379
-0.562029,0.644013
-1.37748,0.285577
-2.58237,1.25141
-1.81483,1.41769
-1.8806,1.00664
-1.85476,1.84126
-2.48268,0.767425
-2.67075,1.52096
-1.42388,0.421829
-1.79387,1.54792
-0.893769,0.919544
-1.702,1.1419
-1.82856,-0.270742
-0.858669,0.317304
-1.97895,1.52664
-2.32517,0.800674
-1.79852,0.41663
-1.31498,1.26577
-1.33174,3.16461
-1.09754,-0.164637
-1.36222,1.2413
-1.68167,1.15215
-2.27154,0.623414
-1.51391,1.68943
-1.91876,1.49093
-1.72682,1.40442
-2.31567,2.08402
-1.88883,0.711447
-1.76502,1.34709
-1.61327,1.37853
-1.01317,1.00783
-2.05214,1.03295
-1.46704,0.244359
-0.931063,0.39855
-1.86246,1.73663
-1.40388,1.86272
-1.53481,1.21146
-2.0532,1.13373
-0.964031,0.346921
-1.27516,1.26037
-1.65254,1.27775
-0.109801,0.432978
0.154784,0.464757
-1.58863,0.387742
-1.9263,1.25961
-2.05989,2.02064
-1.3331,0.820032
-1.50297,0.893958
-1.40234,0.978275
-1.52865,0.946217
-1.47099,0.54375
-2.01968,0.980363
-1.5011,0.590962
-1.81547,1.03894
-0.577236,3.98947
-2.4895,3.78581
-1.18661,0.233389
-1.5122,0.973253
-1.21601,0.267316
-1.20242,1.71561
-2.10075,2.63708
-1.44906,0.19257
-1.93826,0.713124
-0.847196,1.95623
-2.79901,1.50264
-0.454862,0.434588
-1.99865,0.558112
-2.01582,1.6105
-1.17506,0.613401
-2.84506,1.30619
-1.78879,1.40645
-2.32433,1.55422
-2.23595,1.96081
-1.3007,1.75036
-0.792226,-0.11317
-2.39249,1.0253
-1.46998,1.28684
-1.71515,1.11296
-1.97831,1.34897
-2.41328,0.943527
-1.8659,2.439
-1.51642,1.11434
-1.38717,0.969017
-0.969023,0.457014
-2.57594,2.02237
-1.13609,1.49362
-2.26808,0.770227
-1.9377,0.781636
-1.99552,1.99445
-1.14384,1.26586
-0.626681,2.56548
-0.771059,0.913464
-1.56784,2.66776
-1.30525,2.11864
-0.684335,0.890909
-1.27973,2.62192
-1.71599,0.926841
-2.32375,2.19148
-2.37681,0.39053
-2.24577,2.22938
-1.93443,1.46004
-1.17229,2.10708
-1.78744,3.24989
-1.61747,1.31611
-1.30574,1.46519
-0.750247,1.53941
-1.15589,2.48323
-0.49769,-0.0348196
-2.1465,1.57867
-1.06876,1.15691
-0.931581,0.860249
-1.88753,1.3538
-0.941811,0.572063
-1.99496,0.559008
-1.76794,2.79401
-1.5636,0.695593
-1.1967,0.221559
-1.94051,1.32922
-1.46438,2.67019
-1.24319,0.951883
-2.08306,0.857466
-2.54763,2.17871
-1.50505,2.66591
-2.21056,1.54045
-1.19041,1.15107
-1.32443,0.481581
-0.455556,0.0943502
-1.24384,3.20441
-1.41679,1.90343
-0.648135,-0.0158509
-1.40882,0.441594
-1.8624,1.55912
-1.21317,0.511898
-2.45903,1.33126
-2.11547,2.25555
-1.96785,0.612581
-2.53038,0.442014
-1.38713,-0.153516
-1.31206,1.03563
-1.89933,0.556225
-1.0037,0.483118
-1.5618,2.6963
-1.52355,1.32407
-1.02988,0.323753
-1.7335,2.10572
-1.67629,1.28919
-1.15883,0.735626
-2.19932,1.40943
-1.51227,1.31452
-2.23027,1.84165
-1.25075,3.10736
-1.22406,1.10287
-1.78626,1.4931
-1.28351,1.08431
-1.24557,1.68798
-1.42682,1.39462
-1.49683,0.470869
-2.16862,0.555007
-2.28823,1.1871
-1.97259,1.39804
-1.75579,0.420842
-2.27991,1.8511
-1.03991,0.253445
-2.76584,1.14118
-1.35929,1.44806
-0.839375,1.92989
-1.42926,1.25352
-0.939486,1.05175
-1.82069,2.14342
-1.77113,2.12891
-2.02251,2.15838
-1.36131,2.34845
-1.22524,1.02538
-1.6255,0.917607
-2.10942,0.859331
-1.6685,0.470377
-1.93809,0.403154
-1.21619,-0.204663
-2.48367,0.991319
-0.671633,1.77572
-0.563435,0.343039
-1.30516,1.22464
-1.98918,1.48385
-2.3549,0.853306
-1.35299,1.60933
-1.58774,1.12705
-1.94039,0.987087
-2.38166,1.56286
-2.13717,2.0572
-2.90184,1.68587
-1.38893,0.758918
-1.88349,0.812398
-2.24922,1.7205
-1.47816,1.70025
-2.14447,1.52933
-0.242552,0.20095
-1.17145,0.967196
-2.26208,2.18816
-1.81878,2.78716
-1.11553,0.0770334
-2.06518,1.94265
-1.22025,0.361531
-1.29574,2.06229
-1.55062,1.22731
-1.69055,1.54586
-2.47071,1.32094
-0.747372,0.728411
-1.02125,4.67706
-1.5032,0.25017
-1.64666,1.22118
-0.813598,0.973414
-1.11668,2.4458
-2.5851,1.94097
-1.09515,1.48309
-1.38707,0.592967
-2.13034,1.7199
-1.96145,1.23526
-1.00567,-0.350285
-1.61425,0.424988
-1.86131,2.13018
-1.22784,0.995569
-1.47866,3.6375
-1.3109,0.249695
-2.28586,1.27013
-1.38617,0.914982
-1.16976,0.73867
-1.01889,0.467636
-2.33792,3.0377
-1.37482,2.01687
-1.97429,1.17168
-1.60346,1.50375
-0.653296,0.583119
-0.864625,1.66368
-1.44343,0.867448
-1.43235,1.02176
-2.13464,2.96952
-1.31962,0.543878
-1.51977,1.09685
-1.43669,0.960956
-1.1472,0.806968
-1.99251,1.45395
-1.04496,-0.0745341
-1.33529,1.4619
-1.74059,1.25676
-2.64742,1.63947
-1.03922,0.557846
-1.21578,1.13355
-0.915986,0.100838
-1.25505,0.512345
-2.69714,2.7971
-1.36252,2.51733
-2.42317,1.90933
-0.493086,1.94948
-2.13041,1.36858
-1.78591,1.02859
-0.879008,1.36816
-2.11659,2.04918
-1.69086,1.79204
-0.192579,-0.371955
-1.28223,1.66173
-1.41268,0.259002
-1.25994,0.887068
-1.42034,0.83666
-0.642215,1.24982
-2.04016,1.28426
-1.04957,0.644865
-2.06413,2.07623
-2.05286,1.70401
-1.63683,1.92306
-1.81557,0.903016
-2.21967,1.16447
-1.6941,0.299456
-1.7665,2.09181
-1.60689,0.829937
-1.38764,0.951337
-1.59514,2.47183
-0.991096,1.06709
-2.54536,1.96663
-2.43685,0.509193
-1.29531,0.22335
-2.00203,1.7548
-1.70734,1.21692
-1.39947,0.452903
-2.32895,1.73791
-1.74065,0.729419
-1.77012,0.270036
-2.03181,1.38906
-1.38771,1.07879
-1.49875,0.301686
-0.552056,0.0803338
-1.41881,-0.10726
-1.84518,1.97697
-1.08031,2.44774
-1.29117,2.57964
-1.76484,1.60309
-1.72276,3.33131
-1.51273,0.796428
-1.84019,1.42874
-1.58595,1.17681
-2.12163,1.41238
-1.01396,0.681415
-1.27053,0.399956
-1.77792,1.82156
-1.70147,1.60452
-1.34266,2.14665
-1.75411,1.80231
-1.55273,0.844311
-1.62889,0.922902
-2.24792,0.614989
-1.05051,1.16069
-1.09256,0.768763
-1.49293,-0.000633212
-1.10193,0.780405
-0.691487,1.98334
-1.9522,2.01273
-0.272939,-0.300983
-1.43676,0.426261
-1.83579,3.50726
-1.14696,1.03169
-0.90887,0.459816
-1.16646,1.49591
-1.14102,0.480585
-0.890464,1.27468
-1.90251,1.64069
-1.56147,1.23947
-1.62539,1.10753
-0.882085,0.487286
-1.63273,1.25036
-1.00952,0.867047
-1.79327,1.74763
-2.07746,3.42633
-1.66634,0.838308
-0.78318,0.318221
-0.648733,0.160005
-1.5286,1.6204
-0.800767,1.25923
-2.63561,0.977708
-2.22641,2.98922
-2.23191,1.0492
-1.9245,1.69732
-1.00146,0.0792339
-2.2296,2.36588
-1.43083,0.227983
-2.24626,2.27521
-2.17278,0.927422
-0.752342,0.399454
-2.43594,1.9041
-2.24712,1.53275
-1.8672,1.8501
-2.54937,2.54643
-1.42537,1.77997
-0.777491,2.40514
-1.97744,1.40603
-1.96135,0.780862
-1.95317,1.63486
-1.09631,1.59439
-1.24288,1.00844
-1.24133,1.28074
-1.62822,1.83709
-0.635106,0.28214
-2.48852,0.764374
-1.08085,0.397468
-1.67716,1.12586
-0.539551,0.85371
-1.40779,1.43524
-2.36745,1.69446
-1.96802,1.47739
-1.50416,0.786509
-0.661725,-0.0736556
-2.07901,0.813257
-0.928333,1.56162
-2.16035,0.211988
-1.33454,0.802626
-1.41524,0.783812
-1.00144,1.77741
-2.51439,0.758172
-1.73677,0.117932
-1.83498,2.27309
-1.55151,0.866271
-0.733542,-0.110553
-1.66508,2.52302
-1.67131,2.74098
-1.71992,0.453929
-1.38222,1.02785
-0.98621,-0.360585
-0.945381,0.512598
-1.57659,1.23835
-1.96969,1.11616
-0.949756,0.700593
-2.13838,0.613579
-1.03879,1.60537
-1.96892,0.79463
-1.21982,-0.0377467
-0.994432,0.427937
-1.62578,0.591349
-1.72575,-0.0350153
-1.4873,1.37565
-1.78815,1.50202
-0.678186,1.26863
-1.16969,1.59518
-2.10433,0.577251
-0.862412,-0.0166657
-1.73069,1.63057
-1.72844,0.762559
-1.10538,1.13298
-1.47809,1.02444
-2.10559,1.06538
-1.56994,1.02742
-1.884,2.11807
-2.48943,1.40416
-2.06465,1.59628
-2.11859,1.63285
-2.23154,0.799954
0.0155978,0.299435
-1.84993,1.6951
-1.69055,1.57348
-1.90853,1.33657
-1.00679,0.976349
-1.67265,0.904059
-2.10328,0.402812
-1.95439,0.0702473
-0.980208,1.11864
-1.76687,-0.254842
-2.4284,1.0018
-0.913293,-0.56299
-1.4743,0.484867
-1.44151,0.389864
-1.42162,1.86359
-2.25858,1.8661
*
