1.60003,1.15835
1.3874,1.32362
1.8053,1.09164
1.7666,1.11759
1.88317,1.06935
1.47938,1.2814
1.48616,1.34368
1.93008,1.10366
1.68881,1.21662
1.47474,1.33428
1.77928,1.19553
1.61641,1.22005
1.82464,1.01605
1.90302,1.07521
1.60582,1.2492
1.79996,1.09351
1.77832,1.14064
1.89144,1.06646
1.44374,1.28615
1.81954,1.07609
1.13791,1.44308
1.69295,1.17998
1.25641,1.33804
1.53088,1.32305
1.836,1.13953
1.58419,1.2492
1.41078,1.25877
1.68707,1.17296
1.74109,1.1897
1.70434,1.23375
1.38185,1.30298
1.75865,1.09985
1.78892,1.11846
1.68986,1.20469
1.51317,1.28625
1.59943,1.20965
1.76564,1.19055
1.76559,1.20295
1.86618,1.11878
1.75753,1.18562
1.3927,1.35042
1.38932,1.31643
1.72778,1.13816
1.39034,1.20925
1.29358,1.41552
1.8944,0.960268
1.60825,1.21072
1.47835,1.25236
1.32562,1.33392
1.45578,1.31075
1.80333,1.07858
1.65045,1.1989
1.40298,1.35666
1.69744,1.17209
1.72574,1.16298
1.25698,1.4332
1.37823,1.32234
1.78682,1.098
1.17691,1.35956
1.93561,1.11457
1.9858,1.01769
1.60486,1.27565
1.51757,1.37072
1.39065,1.35407
1.80907,1.12198
1.76828,1.16898
1.56876,1.23979
1.8639,1.10334
1.64939,1.21959
1.88697,1.08341
1.7961,1.19571
2.00382,1.00025
1.8058,1.15968
1.54108,1.28922
1.6679,1.27971
1.70766,1.25496
1.88824,1.07432
1.7403,1.1542
1.50502,1.26418
1.94078,1.07562
1.77992,1.16782
1.70287,1.16474
1.33453,1.28788
1.85452,1.15032
1.8265,1.06968
1.17683,1.3547
1.7924,1.10847
1.67654,1.2008
1.80952,1.13392
1.50472,1.18703
1.70514,1.18556
1.45611,1.30214
1.33754,1.33905
1.7649,1.20332
1.87572,1.08347
1.84137,1.17684
1.55549,1.28723
1.1927,1.38421
2.05325,0.954427
1.78915,1.12089
1.21733,1.32828
1.68709,1.26431
1.71211,1.13384
1.72912,1.19558
1.81595,1.08995
1.66246,1.24041
1.90634,1.03636
1.61461,1.15409
1.7277,1.10549
1.90626,1.11702
1.54241,1.26226
1.84029,1.15219
1.6588,1.17835
1.75744,1.16558
1.59817,1.16974
1.64142,1.22334
1.50569,1.29176
1.43786,1.33461
1.42274,1.30151
1.52326,1.29327
1.55593,1.31154
1.46688,1.27824
1.49352,1.24324
1.80209,1.08314
1.60796,1.29095
1.90292,1.06538
1.47226,1.2487
1.73109,1.0898
1.55433,1.25409
1.38137,1.35504
2.1302,0.918006
1.73779,1.11544
1.77155,1.17247
1.77311,1.08116
1.89944,1.08192
1.80631,1.1963
1.86593,1.13325
1.82264,1.13491
1.66929,1.221
2.01262,0.938823
1.67881,1.20951
1.82661,1.17321
1.62581,1.2272
1.50521,1.32461
1.85936,1.14537
1.48852,1.23157
1.83613,1.11946
1.56061,1.24524
1.74613,1.10849
1.71897,1.16383
1.70684,1.21007
1.39289,1.36366
1.89952,1.06299
1.64224,1.20693
1.74801,1.18534
1.67146,1.1492
1.82196,1.18009
1.44856,1.2622
1.3423,1.35737
1.68506,1.17211
1.60502,1.32295
1.53618,1.3412
1.36943,1.36319
1.72517,1.28617
1.75575,1.22566
1.48456,1.36419
1.54552,1.15549
1.51318,1.28133
1.80939,1.17188
1.57847,1.17433
1.62598,1.24523
1.98376,0.977473
1.95934,1.02618
1.4952,1.26773
2.01593,0.954617
1.84946,1.1349
1.16274,1.38918
1.63991,1.24556
1.72578,1.19476
1.71224,1.14064
1.49582,1.30623
1.62871,1.25975
1.72987,1.15186
1.58466,1.27077
1.8661,1.06812
1.87316,1.09517
1.68635,1.19147
1.62347,1.24878
1.75219,1.13655
1.77181,1.14531
1.75755,1.1487
1.60618,1.29063
1.87257,1.19314
1.53483,1.29541
1.43333,1.29903
1.407,1.32856
1.5287,1.29613
1.94091,0.966143
1.47082,1.31611
1.89767,1.08988
1.83693,1.11352
1.88949,1.0728
1.50825,1.33782
1.83601,1.16618
1.46462,1.26721
1.60082,1.25869
1.60547,1.22946
1.70985,1.23117
1.56914,1.28839
1.91674,1.03493
1.45844,1.33008
1.90449,1.12664
1.76087,1.08492
1.73892,1.16613
1.69243,1.23167
1.72581,1.21242
1.4654,1.26283
1.70943,1.14153
1.77513,1.19339
1.63201,1.24669
1.81261,1.18165
1.62135,1.27854
1.95676,1.00745
1.28106,1.37138
1.86847,1.02355
1.68915,1.1841
1.65711,1.27556
1.44871,1.32298
1.43574,1.3475
1.89605,1.12148
1.45418,1.34047
1.82141,1.0918
1.81716,1.10341
1.73718,1.23095
1.33246,1.35452
1.55589,1.28539
1.5148,1.30067
2.07041,0.90665
1.75252,1.17911
1.74212,1.16894
1.48285,1.24955
1.33065,1.38786
1.30581,1.3285
1.64794,1.20709
1.84036,1.02493
1.69837,1.23416
1.49875,1.28902
1.07719,1.41121
1.68186,1.15277
2.1254,0.840542
1.73554,1.20428
1.58947,1.28281
1.62281,1.32456
1.81694,1.09322
1.67085,1.25192
1.60993,1.28591
1.57353,1.25342
1.60049,1.25861
1.41956,1.36224
1.82324,1.08075
1.76854,1.14324
2.04,0.876479
1.99304,0.975838
1.63785,1.171
1.67306,1.26492
2.07425,0.873473
1.94699,1.05067
1.49625,1.277
1.75061,1.13332
1.52928,1.27226
1.79946,1.2011
1.91653,1.14551
1.8701,1.07725
1.57924,1.20559
1.7801,1.17969
1.48088,1.28855
1.87654,1.12505
1.52951,1.25546
1.49675,1.32498
1.68769,1.07134
1.49636,1.29262
1.61292,1.21117
2.02823,0.989751
1.78976,1.11498
1.46491,1.2209
2.09451,0.975468
1.56754,1.26495
1.8896,1.11062
1.71907,1.20155
1.78365,1.11337
1.80257,1.08341
1.61427,1.26887
1.78726,1.11453
1.79445,1.1738
1.78778,1.16509
1.67911,1.18823
1.73694,1.22166
1.66768,1.19264
1.609,1.31063
1.38346,1.32184
1.48732,1.30619
1.90508,1.15687
1.61652,1.24326
1.68278,1.27149
1.69147,1.18624
1.61965,1.16231
1.56427,1.20529
1.97888,0.971714
1.55983,1.23751
1.56499,1.24784
1.93671,1.06958
2.19385,0.740111
1.70358,1.09518
1.42806,1.3615
1.3924,1.38003
1.92495,1.00936
1.66202,1.2509
1.76614,1.03246
1.70636,1.2093
1.60415,1.27601
1.64986,1.21764
1.57475,1.22083
1.61618,1.2724
1.76721,1.12552
1.48498,1.26989
1.73847,1.0991
1.80411,1.10517
1.95786,0.970319
1.81578,1.13496
1.66712,1.21198
1.65913,1.18606
1.98058,0.952366
1.67147,1.15547
1.22451,1.34963
1.64333,1.21673
1.57445,1.24015
1.45905,1.33735
1.4269,1.33831
1.82688,1.17377
1.71011,1.2286
1.46664,1.31321
1.67368,1.18278
1.29464,1.3681
1.8904,1.01459
1.62993,1.20928
1.5006,1.25277
1.88176,1.08411
1.68837,1.18061
1.72969,1.13203
1.92839,1.13841
1.55359,1.25781
1.65081,1.23238
1.79621,1.1522
1.35852,1.30668
1.77209,1.12559
1.18398,1.3685
1.75354,1.11495
1.86619,1.15322
1.48535,1.29407
1.80802,1.09291
1.7846,1.15155
1.76439,1.09115
1.62822,1.20405
1.69542,1.18913
1.90695,1.04097
1.48928,1.32867
1.68356,1.29261
1.86588,1.03925
1.58517,1.23981
1.89946,1.0884
1.48697,1.23968
1.49064,1.2852
1.87492,1.07884
1.68024,1.21669
1.92101,0.994415
1.18604,1.36399
1.55798,1.32976
1.69681,1.24581
1.69342,1.21896
1.53005,1.30206
1.66777,1.20418
1.82562,1.18119
1.49284,1.32603
1.37887,1.25856
2.06328,0.896671
1.82844,1.07055
1.81498,1.13965
1.26606,1.33391
1.59712,1.24547
1.74091,1.26187
1.57359,1.26809
1.80727,1.07663
1.73029,1.2005
1.72024,1.15373
2.02906,0.944193
1.66924,1.25678
1.64327,1.24826
1.45883,1.25332
1.37789,1.33012
1.50358,1.24126
1.91767,1.09838
1.74647,1.20508
1.82367,1.16522
1.67823,1.1709
1.74179,1.1127
1.55154,1.21719
1.78027,1.13772
1.70228,1.18422
1.69461,1.17169
1.81726,1.13186
1.86655,1.0789
2.01116,0.902036
1.67087,1.1715
1.73195,1.16251
1.91687,1.07948
1.24408,1.35587
1.56783,1.26965
1.54636,1.24416
1.68256,1.1456
1.88639,1.04397
1.8652,1.10947
1.80383,1.17151
1.50486,1.28489
1.54899,1.29339
1.59195,1.26152
1.86048,1.10094
1.51213,1.18267
1.5057,1.21626
1.82328,1.029
1.64955,1.22735
1.66672,1.22109
1.70545,1.29103
1.57491,1.22039
1.85288,1.07282
1.77746,1.16386
1.61119,1.25124
1.27932,1.3694
1.71825,1.2413
1.73527,1.15246
1.58962,1.26826
1.7887,1.17748
1.46057,1.2818
1.16188,1.39854
1.6099,1.25553
1.80318,1.17174
1.5436,1.32027
1.29646,1.32406
1.86358,1.03732
1.7988,1.13831
1.72043,1.14471
1.58753,1.22612
1.51385,1.26529
1.66144,1.23435
1.49695,1.28892
1.86168,1.07428
1.83105,1.11385
1.39896,1.28161
1.46929,1.40402
1.70867,1.244
1.81804,1.07331
1.66421,1.22197
1.69836,1.20186
1.81658,1.13309
1.66375,1.24551
1.89926,1.06396
1.63558,1.25106
1.4913,1.28784
1.58671,1.24686
1.78503,1.121
1.72591,1.13664
1.79552,1.17356
1.73207,1.24647
1.58359,1.26293
1.54854,1.22705
1.61708,1.26774
1.89943,1.08027
1.50561,1.34431
1.94557,1.0138
1.61373,1.17861
1.99753,0.91099
1.87622,0.976545
1.75679,1.20562
1.59387,1.2063
1.67571,1.1907
1.92997,1.06511
1.93843,0.996345
1.66773,1.26802
1.73602,1.19468
1.95376,1.0901
1.47603,1.30756
1.63693,1.19766
1.76158,1.18075
1.71245,1.12328
1.61553,1.27443
1.56206,1.25679
1.80653,1.05227
1.65779,1.21724
1.87057,1.06431
1.68464,1.1957
1.07901,1.39037
1.60825,1.22751
1.81315,1.0704
1.34487,1.33963
1.64655,1.26429
1.4952,1.28829
1.75413,1.19655
1.5809,1.26329
1.46135,1.33825
1.48339,1.34672
1.91853,1.04526
1.45422,1.31872
1.76841,1.0991
1.90186,1.11061
1.83022,1.16876
1.99954,0.946779
1.57724,1.16609
1.78269,1.13568
1.94932,1.02431
1.52062,1.29536
1.71009,1.23509
1.54029,1.25607
1.63201,1.23582
1.68374,1.23485
1.58392,1.17787
1.88296,1.07071
1.88512,1.11125
1.86848,1.04638
1.63946,1.22195
1.79186,1.15006
1.7614,1.20441
1.59637,1.26753
1.63275,1.19259
1.95551,1.02721
1.58666,1.30583
1.4897,1.23282
1.67968,1.1973
1.65457,1.12105
1.56958,1.2386
1.51213,1.25652
1.63019,1.22034
1.83937,1.10742
1.69799,1.22975
1.94668,1.05362
1.86543,1.12283
1.48198,1.31871
1.56439,1.34984
1.63626,1.18786
1.75491,1.20612
2.10806,0.874337
1.66906,1.23471
1.77138,1.20267
1.65905,1.19448
1.32866,1.33261
1.90891,1.00021
1.61281,1.22425
1.76158,1.15341
1.65216,1.1789
1.85095,1.04015
1.68505,1.23465
1.91325,1.02534
1.57707,1.29316
1.7682,1.13842
1.69501,1.27136
1.40368,1.30654
1.6112,1.24147
1.42955,1.34439
1.64787,1.22088
1.36845,1.32852
1.87794,1.06203
1.53224,1.31846
1.72604,1.2154
1.44354,1.26331
1.93318,0.968429
1.95056,0.928789
1.57696,1.29743
1.76994,1.13369
1.80008,1.07545
1.87476,1.20469
1.72417,1.21435
1.53354,1.33132
1.86091,1.07822
1.71839,1.31003
1.92455,1.10108
1.78364,1.15321
1.591,1.26026
1.77534,1.06703
1.53706,1.32028
1.67348,1.26341
1.82573,1.16275
1.69381,1.21448
1.93741,0.955204
1.47649,1.34467
1.62279,1.26976
1.75985,1.15441
1.83862,1.01919
1.39997,1.27052
1.63553,1.23631
1.87328,1.10258
1.89561,1.11064
1.48765,1.29367
1.66989,1.22789
1.78873,1.14555
1.89628,1.08209
1.61449,1.24713
1.35544,1.3338
1.57015,1.24166
1.44758,1.31049
1.54538,1.28047
1.61922,1.09255
1.47775,1.27095
1.69815,1.16576
2.03765,0.852402
1.79832,1.11065
1.71167,1.26367
1.3817,1.34579
1.90811,1.05081
1.66683,1.31842
1.27729,1.32169
1.53281,1.23465
1.54887,1.33087
1.50583,1.33639
1.57491,1.22952
1.286,1.42204
1.62498,1.17029
1.54489,1.28716
1.7967,1.07466
1.58727,1.29102
1.65107,1.15667
1.55579,1.30475
1.74977,1.21984
1.86141,1.11712
1.55513,1.33411
1.60169,1.18282
1.91108,0.995898
1.59712,1.3415
1.44921,1.31353
1.60033,1.2067
1.62492,1.24124
1.77351,1.16931
1.56185,1.2665
1.73327,1.14057
1.83119,1.10895
1.69119,1.18966
1.8919,1.03559
1.74894,1.27292
1.77213,1.05732
1.82644,1.10935
1.39479,1.30462
1.93441,0.985264
1.83087,1.19682
1.74808,1.18972
1.60206,1.27704
1.52216,1.29986
1.46286,1.27804
1.56494,1.22931
1.91983,1.00182
1.86554,1.14052
1.51894,1.30674
1.92788,1.06899
1.84532,1.17169
1.57069,1.29984
1.67328,1.19237
1.86914,1.07557
1.94518,1.00575
1.26322,1.32298
1.43001,1.30829
1.58519,1.29253
1.48989,1.24386
1.85868,1.1099
1.58686,1.28228
1.36699,1.36835
1.72474,1.23299
1.67886,1.22576
1.72041,1.19048
1.65066,1.2203
1.92715,1.07742
1.80531,1.08048
1.52902,1.21321
1.8576,1.04079
1.81784,1.21816
2.0848,0.910083
1.59945,1.3027
1.85675,1.07952
1.69159,1.2107
1.75751,1.18951
1.74248,1.15609
1.75439,1.10077
1.72189,1.08771
1.68129,1.23517
1.50713,1.28897
1.60809,1.21322
1.87083,0.98565
1.70131,1.16877
1.92323,0.960278
1.32539,1.34594
1.67356,1.22017
1.95265,1.03314
1.36636,1.30886
1.57015,1.21617
1.28281,1.31156
1.4565,1.29749
1.60027,1.23913
1.75554,1.15411
1.67863,1.2437
1.72788,1.17113
1.73879,1.21314
1.93198,1.03963
1.59322,1.22693
1.80516,1.14676
1.75107,1.17519
1.72226,1.18183
1.90934,1.07393
1.6336,1.17313
1.72732,1.11749
1.65698,1.28512
1.78901,1.11795
1.80602,1.14412
1.68371,1.22286
1.73939,1.16167
1.59163,1.26005
1.58385,1.30869
1.757,1.14953
1.7341,1.08979
1.82545,1.0832
1.79623,1.16547
1.60551,1.30299
1.71169,1.19009
1.69182,1.27368
1.74986,1.22193
1.48243,1.30828
1.83706,1.13032
1.76932,1.16055
1.56981,1.23325
1.66369,1.23268
1.60084,1.23586
1.66468,1.26259
1.65289,1.2407
1.73152,1.20622
1.79603,1.15662
1.7601,1.24348
1.54293,1.34101
1.54753,1.31371
2.06417,0.886542
1.59993,1.24862
1.85393,1.11724
1.73977,1.16453
1.59366,1.24254
1.51526,1.33253
1.53591,1.21558
1.96178,1.06005
1.32447,1.32008
1.38479,1.23447
1.56495,1.26772
1.64916,1.21979
1.84066,1.04364
1.69585,1.26835
1.83824,1.07603
2.03159,1.04443
1.79776,1.14717
1.60982,1.26499
1.6546,1.25215
1.60097,1.27691
1.846,1.08755
1.69062,1.16843
1.72243,1.1479
1.68904,1.1748
1.51098,1.28915
1.79742,1.1712
1.60295,1.23873
1.44449,1.32534
1.69072,1.18095
1.42982,1.33367
1.55002,1.18444
1.65586,1.15728
1.60749,1.2788
1.74804,1.20455
1.61389,1.1872
1.44837,1.22652
1.6645,1.25776
1.41946,1.23961
1.90937,1.09058
1.5177,1.25749
1.68766,1.22491
1.4854,1.30703
1.77782,1.1696
1.80616,1.07315
1.84779,1.06608
1.70486,1.25735
1.69748,1.19113
1.59687,1.30078
1.61006,1.3051
1.65689,1.26773
1.48723,1.27724
1.49666,1.28642
1.58505,1.22224
1.78452,1.08165
1.52507,1.21644
1.78338,1.15003
1.48827,1.30257
1.63234,1.21696
1.55613,1.21288
1.64339,1.22699
1.71281,1.18363
1.81094,1.15767
1.89409,1.13088
1.47262,1.33497
1.69076,1.2158
1.61386,1.22669
1.47188,1.34344
1.56516,1.28253
1.8413,1.14291
1.5155,1.25864
1.54197,1.25629
1.92582,1.05739
1.75286,1.14573
1.83807,1.18799
1.62959,1.24267
2.01238,0.975539
1.50006,1.26142
1.94451,1.048
1.66116,1.28457
1.7213,1.16269
1.86837,1.21596
1.89801,1.03231
1.62181,1.26477
1.84788,1.07321
1.63929,1.22309
1.85161,1.05662
1.47812,1.30244
1.72171,1.22258
1.59902,1.18862
1.72492,1.21866
1.3728,1.3418
1.6475,1.3187
1.92298,1.11313
1.55002,1.22492
1.66065,1.25666
1.1616,1.38034
2.12024,0.815207
1.62509,1.23128
1.91138,1.01966
1.67437,1.2123
1.49588,1.27262
1.63512,1.2472
1.55003,1.27875
1.55873,1.25204
2.03477,0.977716
1.66386,1.24649
1.55648,1.20593
1.78469,1.13432
1.81528,1.08983
1.83146,1.21849
1.88884,1.09869
1.29534,1.37825
1.45762,1.27666
1.75622,1.15119
1.69804,1.12471
1.7215,1.1912
1.7149,1.19823
1.72965,1.17218
1.63977,1.23275
1.39275,1.2881
1.69874,1.11619
1.81437,1.06499
1.87895,1.02417
1.83891,1.17524
1.69918,1.20614
1.49912,1.33519
2.02573,0.945635
1.34045,1.34292
1.93548,1.04048
1.60704,1.16213
1.47529,1.31964
1.89871,1.12577
1.68202,1.24596
1.59294,1.19293
1.72825,1.10959
1.85213,1.18333
1.56922,1.23797
1.60868,1.27519
1.65787,1.29644
1.99691,1.04635
1.8517,1.05348
1.47284,1.33758
1.91036,1.10369
1.87375,1.1425
1.73247,1.19568
1.82448,1.12487
1.57239,1.19422
1.76353,1.19217
1.64162,1.27072
1.66301,1.21482
1.86067,1.04667
1.45463,1.35064
1.84915,1.14509
1.81182,1.14445
1.6421,1.26191
1.58116,1.27207
1.7062,1.18949
1.89866,0.974229
1.69172,1.226
1.70713,1.20262
2.07314,0.949246
1.81615,1.11794
1.63136,1.1687
1.77238,1.13386
1.76742,1.17479
1.61263,1.29749
1.91641,1.07025
1.82594,1.13499
1.7391,1.20601
1.50052,1.22747
1.77709,1.11789
1.702,1.20693
1.83899,1.09025
1.80302,1.09054
1.66238,1.24423
1.71011,1.19598
1.40208,1.33748
1.62563,1.24537
1.66781,1.25846
1.83201,1.13924
1.56271,1.19573
1.71348,1.18612
1.41057,1.30925
1.84096,1.02702
1.80479,1.15612
1.66728,1.22811
1.43164,1.34319
1.71251,1.10261
1.83582,1.16644
1.95618,1.02918
1.8426,1.04807
1.5093,1.28286
1.90057,1.14733
1.89369,0.985792
1.43877,1.30876
1.34779,1.35864
1.62616,1.20528
1.65119,1.23205
1.59602,1.15549
1.73594,1.06476
1.55776,1.28864
1.62457,1.23667
1.68186,1.18816
1.68786,1.16625
1.92629,1.06338
1.67095,1.24891
1.74274,1.10931
1.96562,1.08514
1.51949,1.34949
1.96641,1.0192
1.31512,1.29324
1.85002,1.09404
1.8886,1.07587
1.70427,1.12482
1.43741,1.34051
1.69452,1.16637
1.71134,1.21704
1.72922,1.1695
1.73772,1.23082
1.65076,1.31367
1.83633,1.14422
2.06215,0.862305
1.78701,1.17645
2.20014,0.824854
1.9199,1.07136
1.83923,1.11929
1.26082,1.3629
1.79535,1.07288
1.3655,1.23227
1.49098,1.2868
1.56896,1.25942
1.8367,1.05291
1.83381,1.04004
1.60187,1.20175
1.74011,1.17033
2.04915,0.912295
1.822,1.127
1.89509,1.09804
1.50403,1.32194
1.74069,1.18296
1.8857,1.01342
1.71452,1.09817
1.75589,1.09818
1.75545,1.10467
1.93466,1.03643
1.70354,1.2081
1.34528,1.34451
1.70406,1.19448
2.00439,1.01742
1.43945,1.30597
1.61524,1.29402
1.56817,1.23837
1.63743,1.1466
1.40458,1.31034
1.53878,1.27763
1.58875,1.21492
1.69687,1.1809
1.83483,1.03032
*
0.907542,3.25307
0.830697,3.32956
0.342399,2.98003
1.03307,3.11597
0.580746,2.90214
1.05391,3.25407
0.908555,3.27963
0.801908,3.16379
1.04854,3.30375
1.29171,3.31116
0.986172,3.22936
1.04945,3.10106
0.774163,3.10868
0.846013,3.00392
0.662312,3.11278
0.735485,3.12613
0.772072,3.00359
1.1521,3.38304
1.25332,3.20069
1.12445,3.28642
1.29842,3.27298
1.04391,3.23076
1.01166,3.35932
1.09482,3.39701
0.805461,3.17166
1.07483,3.13041
0.860185,3.13075
1.07747,3.44501
1.15535,3.11782
1.02946,3.32223
0.781842,3.14703
0.819911,3.13932
0.811806,3.21735
0.78845,3.19539
0.613053,2.98105
0.807558,3.15858
0.949226,3.23387
0.951863,3.30279
0.955346,3.34465
0.915494,3.12576
0.954825,3.25376
0.80443,3.10318
0.518795,3.10181
0.725494,3.17934
1.38518,3.40059
1.07602,3.37046
0.832933,3.02614
1.31178,3.2924
0.738277,3.12987
1.17748,3.07217
0.992893,3.30166
0.725826,2.98918
0.74766,2.91802
1.02444,2.93141
0.797704,3.27438
0.792288,3.22394
1.07737,3.24163
0.852939,3.20739
1.07342,3.15419
0.985264,3.1506
0.956435,3.17731
0.768692,3.30761
0.811935,3.1737
0.791822,3.15703
1.11669,3.27768
0.711426,3.04943
0.674919,3.20019
0.911599,3.21673
0.918759,3.11686
1.27924,3.44824
1.12534,3.41107
0.64866,3.10619
0.656378,2.97788
0.762986,3.14563
1.3182,3.17795
1.25294,3.57394
0.799284,3.22993
0.702077,2.92022
0.875272,3.03701
1.13978,3.1932
0.944094,3.0579
1.21449,3.37194
0.767821,3.38868
0.998871,3.44274
1.08364,3.26959
0.817698,3.02557
1.23742,3.50372
0.758929,2.90725
0.739173,3.09782
1.41158,3.27651
1.37679,3.45734
1.0805,3.23453
0.906785,3.44949
1.03021,3.09482
0.829599,2.96874
1.01599,3.07606
0.870533,3.15559
1.08459,3.27081
0.712268,2.91501
0.896579,3.42311
0.745933,3.13404
1.02386,3.0905
1.09123,3.21007
0.871326,3.28077
0.908826,3.07281
1.53944,3.16214
0.772478,3.10785
0.849317,3.24184
0.953377,3.12447
0.840696,3.253
0.909381,3.18933
0.942878,3.11728
0.767668,3.08064
1.03054,3.32947
1.49872,3.56804
0.558746,2.89155
1.02344,3.15498
0.651421,3.23647
0.776823,3.10819
0.783322,3.11603
0.7684,3.03873
1.05595,3.4042
1.45865,3.15432
0.528904,3.05138
0.927866,3.04223
0.927707,3.0545
0.583035,2.91184
0.862883,3.12125
1.12378,3.33078
0.624226,2.92003
1.04559,3.40597
1.1477,3.32849
1.16558,3.15051
1.02549,3.34771
0.919254,3.30093
0.995293,3.18907
0.556653,3.16562
0.931462,3.21707
1.11817,3.3782
0.562504,2.95944
0.934247,3.12849
0.793346,3.23982
0.708766,3.03589
0.811959,3.13158
1.1685,3.24697
1.03481,3.21163
1.2649,3.03998
1.04924,3.31984
0.618884,2.94974
1.18797,3.3429
0.887357,3.18935
0.876292,2.99156
0.913726,3.21239
1.00785,3.10831
1.11432,3.12215
0.841181,2.95941
0.856754,3.2401
0.689382,3.08784
0.850263,2.991
1.06448,3.18469
1.18576,3.44723
1.18087,3.38308
1.0424,3.28137
0.674809,2.94393
0.744906,2.88573
0.917144,3.11982
0.839432,3.23377
0.881508,3.18385
1.08655,3.19813
0.766591,3.25529
1.10838,3.32241
0.6258,3.13884
0.883571,3.12605
0.623431,2.83336
0.925398,3.16053
1.04612,3.43506
0.937039,3.21363
0.865841,3.16151
0.704507,3.03567
0.936969,3.17694
0.940508,3.06305
1.11897,3.13958
1.03032,3.32853
0.651721,2.93523
1.43763,3.09086
0.827698,3.27627
1.21647,3.38102
1.17823,3.0717
0.646511,2.94125
1.01872,3.21642
0.582891,2.9423
0.685028,3.08394
0.907391,3.19599
0.956459,3.29633
0.859264,3.17913
1.02629,3.39131
1.29647,3.17053
0.739975,3.10922
0.855448,3.02202
0.976168,3.20794
0.986316,3.2166
0.950872,3.42175
0.982814,3.24806
1.24029,3.39226
1.10346,3.2327
0.556956,3.03025
0.95954,3.34907
1.04028,3.16777
0.69553,3.03538
0.702854,2.86636
0.910282,3.13906
0.884908,3.28081
0.841706,3.14954
0.580165,3.08525
0.945528,3.21144
0.837603,3.03138
0.73322,3.01507
0.927254,2.93506
1.04902,3.3333
1.30958,3.1566
0.99988,3.15782
0.796274,3.03957
0.891933,3.20739
1.04017,3.20615
0.870168,3.14259
0.751924,3.17613
0.977429,3.31254
0.878781,3.22398
0.927976,3.15386
0.981544,3.27451
1.51882,3.45674
0.649386,3.22232
0.614677,2.99763
1.75401,3.28136
0.850824,3.2308
1.01081,3.16086
0.877201,3.23209
0.954541,2.99106
1.01257,3.29635
0.781701,3.23752
1.14759,3.39954
0.788523,3.13387
0.631001,2.892
1.25944,3.33005
0.696184,2.94477
0.743565,2.92358
0.892974,3.10823
0.731587,2.78877
1.34841,3.46897
1.35398,3.26837
0.974583,2.94472
0.820426,3.16498
0.762012,3.21823
1.26602,3.20687
0.881929,3.09211
0.895407,3.15868
0.489548,3.00851
0.885184,3.27786
0.957903,3.0659
0.84265,3.03064
0.724176,2.97837
1.17941,3.00017
0.850652,3.04844
1.28874,3.12508
0.710225,3.20724
0.904201,3.29784
1.30289,3.2019
1.01891,3.17845
0.895779,3.28953
1.08677,3.1549
1.40871,3.07627
0.776451,3.16503
0.812642,3.23707
0.475248,3.05163
1.59444,3.57825
1.33984,3.3665
0.93686,3.24882
0.946672,3.19789
0.642964,2.95145
0.951699,3.15921
0.872697,3.12102
0.788336,3.05231
1.12062,3.28377
0.676113,3.03363
0.762724,3.19456
1.22117,3.30425
0.94588,3.21768
0.741605,2.96133
0.581004,3.13755
0.798619,3.06219
0.904589,3.05718
0.788558,3.06396
1.25592,3.2596
1.12029,3.38632
0.831268,3.0326
1.14667,3.3085
1.0851,3.33227
0.695133,2.87105
1.25107,3.46286
0.98426,3.13242
0.762604,3.01755
1.11409,3.24136
0.800423,3.08936
0.867839,3.07677
0.856186,3.11133
1.227,3.25303
0.854278,3.13193
1.10665,3.27161
0.932821,2.96621
0.988055,3.21505
1.05763,3.17097
0.25253,3.08964
1.05244,3.41252
0.864743,3.09756
0.888626,3.3145
0.882031,3.21738
0.855289,3.14238
1.36638,3.43676
1.11445,3.34011
1.76777,3.43775
0.685893,3.04047
1.41462,3.3345
0.930636,3.15963
1.01048,2.98405
0.892473,3.18714
0.873584,3.19318
0.86224,3.19768
1.05724,3.23917
0.783708,3.10247
0.820513,3.16111
1.00252,3.14993
0.616671,3.21528
1.3659,3.18013
0.773114,3.1727
0.934854,3.17697
1.15103,3.13518
0.847118,2.9964
1.18518,3.37887
1.16201,3.28303
1.18607,3.23004
0.429331,2.99991
1.08662,3.29575
0.942359,3.23075
0.943982,3.30032
1.23035,3.31838
0.731275,2.983
1.01436,3.26912
0.630461,2.95377
1.01281,3.21764
0.794538,3.12757
1.07669,3.43524
0.975947,3.03314
1.41888,3.13487
1.0843,3.35255
0.65627,3.1446
0.844961,3.22777
1.01248,3.296
0.843135,3.13697
0.801691,3.11627
0.650207,2.81165
0.993643,3.14553
1.24552,3.39557
1.00733,3.14997
0.824844,3.0764
0.91531,3.11225
1.01434,3.25305
-0.265017,3.02239
0.915121,3.27553
0.584362,3.27253
1.46414,3.21412
0.878812,3.25153
0.656606,2.98244
0.943015,3.23135
1.08779,3.42114
0.806401,3.15486
0.852708,3.09613
0.884625,3.19391
0.869865,3.23784
0.803089,3.03487
0.759172,3.04439
1.04452,3.16269
0.868433,3.20302
1.02526,3.34798
0.679711,3.05848
1.07631,3.28374
0.876973,3.31115
0.80483,3.14497
0.850508,3.07626
0.803609,3.07004
0.797491,3.2252
0.946773,3.25603
0.785778,3.10478
0.931182,3.1013
1.03117,3.37127
0.615501,2.89424
0.741679,3.25168
0.454195,2.8654
0.730226,3.15573
1.36133,3.16412
0.723487,3.07727
1.09241,3.23274
0.748024,2.97651
0.758881,3.16123
0.878148,3.31989
0.920128,3.06763
0.857012,3.34039
0.876744,3.25295
0.749759,3.0442
0.914385,3.14893
0.76874,3.05897
0.847242,3.03089
0.807505,3.10942
0.983434,3.12438
1.06396,3.14906
0.733222,2.98702
0.662375,3.09456
0.888393,3.22434
1.01498,3.09252
1.38242,3.31409
1.4399,3.12854
1.20684,3.36745
1.03643,3.24229
1.10209,3.32034
0.68955,2.87807
1.32757,3.16243
1.10037,3.35287
0.680181,3.31043
0.979005,3.10231
0.808209,3.0598
0.897784,3.28501
1.031,3.50453
0.754453,3.12694
1.15536,3.23982
1.07624,3.26161
1.35902,2.91762
0.724887,2.82351
0.995407,3.31919
0.90309,3.17651
0.794917,3.14398
0.559957,2.88187
1.00775,3.27854
0.876491,3.02888
1.03758,3.28506
1.04465,3.20559
0.57748,3.3063
1.0952,3.18427
0.923033,2.89567
0.816913,3.06629
1.34481,3.51589
1.18712,3.45576
1.21856,3.19011
0.929589,3.1546
0.749916,3.27703
0.389736,3.06808
1.34683,3.20918
0.895794,3.09225
1.17937,3.27112
1.97245,3.27949
0.656159,3.09972
0.37374,3.08562
1.15147,3.1024
0.99542,3.18182
1.04523,2.89734
0.913293,3.18235
0.843445,3.00863
1.17423,3.323
1.04126,3.15542
0.738111,3.16497
1.42553,3.2965
1.30341,3.10541
1.31034,3.23281
1.16103,3.1401
1.24186,3.05393
1.21171,3.41295
0.826795,3.05168
1.01581,3.26845
1.32341,3.42785
0.737046,3.18265
1.3059,3.31663
1.04879,3.08048
1.1919,3.22965
0.958422,3.26808
1.26967,3.19094
1.04604,3.0072
0.965763,3.22088
0.883948,3.24289
0.885819,2.91403
0.804755,3.10083
1.20409,3.29702
1.35154,3.43298
0.915372,3.2793
0.991003,3.28817
0.967293,3.08755
1.07513,3.29983
0.665004,3.1061
0.573911,3.26977
1.41459,3.19741
1.11092,3.2206
1.61678,3.30343
0.578161,2.95102
1.50148,3.27996
0.680937,3.02928
0.515332,3.04255
0.601742,2.83375
0.774057,3.15713
0.747011,2.89923
0.77348,3.00673
0.926536,3.18579
0.972207,3.28042
1.05723,3.15624
0.999982,3.1809
0.918592,3.15269
0.833176,3.25502
0.683819,3.07805
0.977624,3.07531
0.869936,3.12011
0.907703,3.06231
0.948462,3.28412
1.00192,3.17449
1.15126,3.27038
0.739335,3.13825
1.11514,3.35354
1.09324,3.14899
0.720086,3.19798
1.04882,3.37856
0.565582,2.93388
1.10103,3.37386
1.22042,3.32238
0.932969,3.16047
0.929119,3.25713
0.820122,3.01306
1.1301,3.06054
0.754182,3.27957
0.903476,3.13675
0.700173,3.06786
1.02078,3.34411
0.554327,2.64222
1.04118,3.18703
0.948864,3.23602
1.2376,3.36963
1.64638,3.39463
1.20036,3.38029
1.27961,3.22667
1.30613,3.39979
0.585019,3.02715
0.944999,3.20128
0.821878,3.1115
0.8052,2.98762
0.637029,2.90133
1.08593,3.31645
1.42397,3.05385
1.05756,3.34193
0.675584,3.30308
1.14417,3.30868
0.546173,2.72533
0.725726,3.04365
0.896545,3.15186
0.935771,3.29444
0.287541,2.76616
0.975849,3.36897
0.652027,2.92646
1.0064,3.25779
0.938595,3.39104
0.751359,3.0308
0.782509,2.98301
0.512235,2.95079
0.743142,3.06735
1.0444,3.23954
0.820349,2.93666
0.883595,3.20222
1.46358,3.35079
1.34535,3.14564
0.675259,2.97211
1.03795,3.26839
1.25374,3.43158
0.887332,3.13087
0.888158,3.16035
1.00178,3.26985
0.666604,2.85004
0.846003,3.20395
1.44009,3.45907
1.10226,3.22919
0.92579,3.44221
1.01419,3.29325
1.0277,2.99114
1.06791,3.27213
0.892031,3.25833
0.879826,3.09619
0.941755,3.29937
1.35239,3.20285
1.20191,3.18878
0.893028,3.13287
1.0324,3.14017
0.9707,3.20914
0.783376,3.15836
0.710083,2.96877
1.16611,3.34518
0.597077,3.31298
0.980191,3.262
0.973883,3.25385
0.989488,3.13686
0.806303,3.1802
1.02974,3.0942
1.0563,3.27438
0.810264,3.27778
0.995972,3.32672
0.929388,3.23091
0.926655,3.20617
1.08344,3.2136
0.998153,3.15058
0.798476,3.03581
0.992631,3.35254
0.732909,3.02695
1.26075,3.30528
0.987056,3.10959
1.1119,3.17564
0.763647,2.94299
1.0837,3.39791
1.09594,3.21725
0.997545,3.31195
1.02335,3.31907
0.634142,2.92109
1.02912,3.19089
1.21584,3.29932
1.1473,3.17947
1.12136,3.16932
0.670247,3.04571
0.800073,3.06702
0.719277,3.05637
1.10517,3.37673
1.02774,3.19894
0.619593,2.92756
0.77788,3.31412
0.686643,2.78531
0.639044,2.97176
0.687596,2.96778
0.815982,3.07263
0.99876,3.16519
1.13265,3.35045
1.2064,3.4435
1.00158,3.10315
0.770941,3.09726
0.83926,3.26263
1.08627,3.25345
0.856681,3.31407
1.38941,3.15919
0.945567,3.19503
0.967315,3.16917
1.19169,3.39372
0.93589,3.19838
1.0563,3.07087
0.90982,3.27601
0.938643,3.12805
1.01081,2.9481
0.93186,3.00775
0.846119,3.07221
1.10459,3.45239
1.0334,3.06139
0.000385212,2.66515
0.970561,3.16823
1.19146,3.35224
0.675966,3.08302
1.06093,3.27951
0.843411,3.25388
0.787479,2.96326
1.01278,3.29714
1.11792,3.33532
0.642134,2.99516
0.626581,3.0324
0.65713,3.06652
1.33514,3.23832
0.904567,3.09882
1.0956,3.42377
1.43747,3.3087
1.07041,3.25815
1.00389,3.29068
0.816258,3.40802
1.00797,3.37122
0.886446,3.13182
0.669988,3.08516
0.944842,3.3641
0.643225,2.88836
0.346436,3.108
0.700321,3.25549
0.983229,3.31005
0.675975,3.2597
0.970216,3.17317
0.661446,3.26668
1.01211,3.13146
1.12318,3.18332
0.866886,3.19571
1.15105,3.24721
0.482728,2.85247
1.17228,3.32116
1.07303,3.18814
0.751731,3.04755
1.05435,3.14192
1.24217,3.34408
0.606767,2.96493
1.02627,3.358
1.42752,3.34813
0.95867,3.20479
0.753493,2.99041
1.09939,3.30692
0.943024,2.92768
1.03816,3.2662
0.867134,3.09851
0.972898,3.15075
0.788746,3.06201
0.82859,3.08443
0.97266,3.27797
0.81866,3.22755
1.26756,3.23424
0.82122,3.13519
0.661744,2.99595
0.969072,3.0145
1.07606,3.296
0.802414,2.99709
0.901695,3.20886
1.10267,3.31909
0.64423,2.92846
1.09914,3.11764
0.66813,2.90147
0.845831,3.03673
1.26302,3.21825
1.269,3.33901
1.00577,3.34006
0.968455,3.26943
0.85415,3.22157
0.961867,3.12749
0.947584,3.20615
0.895453,3.30545
1.35017,3.50228
0.759536,3.23126
0.682579,2.8844
1.26379,3.43906
0.942009,3.20726
1.14969,3.20102
1.08527,3.32506
1.13354,3.23553
1.21285,3.18001
0.839465,3.06328
0.711826,2.97438
0.909928,3.17983
1.42706,3.22945
0.728188,3.05185
0.894053,3.23537
0.60952,2.99698
0.888625,3.27456
0.694224,3.01335
0.941136,3.0944
1.02055,3.15531
0.744314,2.96815
1.05676,3.30459
0.774187,3.098
1.05636,3.52245
1.08039,3.39879
0.699466,3.15778
0.776077,3.2077
0.459827,2.8176
0.61416,2.9598
1.02173,3.26936
0.864946,3.22396
0.779894,3.14602
0.712081,2.94105
0.730629,3.18465
0.678536,3.02613
1.33718,3.19491
1.43138,3.20466
1.12315,3.31385
1.07399,3.07398
0.706724,3.23161
0.70949,2.79813
1.09035,3.09569
1.2866,3.11043
0.913252,3.09213
1.09301,3.30004
0.774798,3.09124
0.793263,3.10278
1.31381,3.28406
0.944087,3.18345
0.709948,2.98417
1.09662,3.21347
0.822813,3.11698
1.00294,3.24985
0.912576,3.22674
1.04262,3.2883
0.61865,2.96438
1.66959,3.31942
0.616865,2.79711
0.839686,3.1255
1.08585,3.40158
0.853471,3.10642
0.570006,2.70368
0.811838,3.10596
0.888658,3.17998
1.05339,3.15991
0.585972,3.36867
0.887515,3.24071
1.05339,3.24977
0.72459,3.17341
1.31997,3.45122
0.363327,3.00643
0.826677,3.03578
0.848384,3.12478
0.744413,3.16837
0.884996,3.25223
0.74041,2.96013
1.15902,3.37933
1.07986,3.38908
0.955934,3.05987
0.787052,2.97958
1.33934,3.06694
1.14685,3.33543
0.677574,3.05952
0.756769,3.07502
0.745979,3.05791
0.787718,3.13547
1.01251,3.29053
0.641123,2.96683
0.582532,2.7827
0.759408,3.00539
0.822233,3.04385
0.820188,2.9646
0.672183,2.94997
0.892194,3.16128
0.519587,3.16112
1.34509,3.26885
1.18035,3.3678
1.01017,3.1209
1.04058,3.29766
0.766869,3.12885
0.632961,3.04494
0.736749,2.99073
0.46913,3.01149
0.852265,3.10906
0.772123,2.97741
1.26984,3.0822
0.815514,3.13407
1.11058,3.4763
0.980796,3.01652
0.719399,3.01348
1.48801,3.07302
0.917217,3.09501
0.90663,3.20761
1.10415,3.21063
0.966727,3.10127
0.813672,3.15402
1.18995,3.11693
0.645077,2.98871
0.880101,3.07172
0.789272,2.98392
1.05377,3.06664
1.04002,3.18165
1.08441,3.2982
0.897861,3.06256
0.936239,3.32673
0.785845,3.18441
0.773977,3.13783
0.643816,3.15693
0.965995,3.14718
0.756274,2.98613
1.01668,3.12455
0.941591,3.16768
0.605643,3.21188
1.02478,3.21774
1.00207,3.31401
0.803634,3.14574
1.04549,3.30186
1.00576,3.321
0.884841,3.23453
1.37771,3.52241
1.09197,3.40439
0.960411,3.22267
0.965347,3.0518
0.221584,2.84999
0.924159,3.17787
0.973471,3.25952
0.908624,3.1471
0.523709,2.98009
0.83642,2.86168
1.10384,3.3088
0.914215,3.02441
1.09198,3.23419
0.579776,2.97326
0.804459,3.16424
1.13856,3.2519
0.923885,3.23823
0.889182,3.17686
1.35978,3.47154
0.822242,3.12718
0.856732,3.13588
1.29733,3.2637
0.851058,2.96689
0.660595,2.91777
0.832257,3.18138
0.859652,3.21619
1.33434,3.54683
1.34467,3.13897
0.727352,3.23968
1.17458,3.17596
0.726455,3.25025
0.810593,3.09492
0.907913,3.14798
1.05169,3.31728
0.832802,3.01279
1.16205,3.44299
0.736224,3.10618
1.2295,3.48639
0.813869,2.98706
0.994595,3.35287
1.00897,3.37967
1.00244,3.06699
0.949272,3.23978
0.198917,2.73291
0.863229,3.03317
0.979265,3.37206
1.37992,3.23896
1.03934,3.31649
0.955374,2.96608
0.944804,3.23208
0.706334,3.22191
1.19931,3.32459
1.17562,3.19882
1.12798,3.21589
1.46714,3.24682
0.854527,2.96839
1.08479,3.27654
0.852832,3.06498
0.814271,2.97844
0.727851,3.07601
1.04451,2.96347
1.08009,3.20397
0.842186,3.20376
0.884786,3.10517
0.737564,3.08524
0.515625,2.89541
1.40528,3.11007
0.741216,3.03892
0.931199,3.1727
0.893032,3.2175
0.842274,3.00329
0.920399,3.23295
0.702109,3.21253
0.801089,2.85379
1.06501,3.20165
1.07902,3.28812
0.838744,3.06701
1.40447,3.20486
0.945171,3.22193
1.3736,3.11839
0.906427,3.13126
0.911473,3.29014
1.1053,3.28937
0.873516,3.20713
1.0288,3.26106
0.819427,2.99072
0.773463,3.01594
0.845087,2.87879
0.80746,2.94629
0.890443,3.13442
0.79359,3.02508
0.612639,3.117
1.07015,3.28029
1.25652,3.43845
1.26986,3.43011
0.976343,3.16328
1.18779,3.24579
1.14738,3.4086
0.870433,3.31826
0.790983,3.09473
0.835996,3.06822
1.03531,3.03725
1.13514,3.18435
0.761133,3.21508
0.94162,3.1417
1.068,3.26137
0.695935,2.9676
1.51014,3.2147
1.1415,3.12451
0.931549,3.19601
0.509755,2.78161
1.09281,3.31849
1.12481,3.21891
0.946807,3.20013
0.639765,3.10172
0.607774,3.00674
0.917603,2.83173
1.02558,3.29421
0.764994,3.00348
0.979244,3.15586
1.21842,3.44051
0.644653,2.92431
0.808675,3.10073
0.856561,3.02072
0.674953,2.97169
0.936376,3.34687
0.810801,3.22381
0.878656,3.03174
0.683644,2.93792
*
-1.24692,3.02276
-0.978628,2.92693
-1.01198,2.85372
-1.1008,3.4915
-1.13295,2.86384
-1.04445,2.69262
-0.970972,3.12508
-1.05413,3.1361
-1.02519,3.25441
-1.23352,3.35939
-1.02714,2.93132
-1.02006,3.19353
-1.10149,3.16201
-1.02605,2.74117
-0.846734,2.68831
-0.81743,2.65933
-1.20524,3.39496
-0.737371,3.03873
-1.02867,2.87738
-1.09634,3.37102
-1.08818,3.29199
-0.925786,3.00236
-0.997486,2.79009
-0.864622,2.80741
-1.07891,3.29911
-1.07716,2.44426
-1.11561,2.75732
-1.05428,2.96673
-0.865639,2.69175
-1.14751,3.23841
-1.11646,3.1018
-1.10003,3.21283
-1.04052,2.98015
-0.827674,2.7371
-1.18125,3.22558
-1.05286,3.16729
-1.05586,2.73486
-1.01368,2.79852
-1.04533,3.03732
-1.00371,3.06523
-1.29788,2.84012
-1.02275,3.37105
-1.05089,2.72151
-1.06912,2.77845
-0.947813,3.21832
-0.904478,3.59343
-1.06292,3.13351
-0.99722,3.5078
-1.13711,3.15515
-0.889422,3.68566
-0.827103,2.82572
-1.0294,3.21731
-0.871806,2.71071
-1.03088,3.06256
-1.27193,2.84006
-0.966689,3.68681
-1.08238,2.93678
-0.932701,2.88688
-0.95079,2.79895
-1.09701,3.02298
-1.08735,2.84818
-1.00803,3.08454
-1.20981,3.2586
-0.822152,2.71891
-1.11158,2.9431
-1.23848,3.25969
-0.922092,2.88185
-1.13692,3.39164
-0.981497,2.9221
-1.02067,3.16683
-1.19858,3.00673
-1.03031,3.60922
-0.93797,2.80437
-1.04026,3.14561
-0.957097,2.99731
-1.046,3.24147
-1.10875,3.14963
-0.867672,2.25147
-1.12826,3.23992
-0.610158,3.0229
-1.44392,3.07168
-1.02379,2.83553
-1.17347,3.03303
-0.71502,2.76765
-0.996404,3.10216
-1.19056,3.09603
-1.06337,2.82397
-1.12063,3.07638
-0.872049,2.81397
-0.96684,3.12592
-1.05822,3.5072
-1.12282,2.97948
-0.983588,3.83768
-1.00453,3.19176
-1.0534,2.83396
-1.12209,3.07499
-1.05438,2.89147
-0.971617,3.51942
-1.11631,3.43862
-0.818565,2.65497
-1.17214,3.18516
-1.16602,3.10629
-1.02208,2.88985
-0.958254,2.45813
-1.15672,3.3323
-1.05797,3.18132
-0.977155,3.54881
-0.937287,3.00862
-1.12882,3.23414
-0.999273,2.64437
-1.03509,2.51793
-1.18,2.84342
-0.957298,3.11242
-1.15151,3.31289
-0.891623,3.01197
-1.08986,3.37822
-0.869876,2.8744
-1.13646,3.24846
-1.08878,3.3404
-1.01366,3.19853
-1.24268,2.5713
-1.18938,2.91433
-1.05035,2.91785
-0.867605,2.82728
-1.01536,2.95885
-0.957799,3.29476
-1.20365,2.87692
-1.0738,2.9719
-0.77726,3.46482
-0.909908,2.78007
-0.999426,3.02714
-0.928329,2.80245
-1.07231,2.96743
-0.94296,2.89984
-1.26969,3.28743
-1.03377,2.90129
-0.96265,3.65864
-0.970859,2.76674
-1.16477,3.0792
-1.09152,3.03362
-1.12942,3.07074
-1.22122,3.19524
-0.950959,3.1631
-0.969413,3.1908
-0.958471,3.01202
-1.13397,3.38698
-1.02399,2.99567
-1.41665,3.03459
-0.987676,2.86195
-1.14446,2.97457
-1.16577,3.17343
-0.98315,3.63294
-1.09433,2.9547
-1.04217,2.85174
-1.01619,2.98175
-1.12952,3.10038
-0.874532,2.70059
-1.14529,2.97305
-0.950036,2.78185
-0.95541,2.85886
-1.12312,2.94462
-0.909162,2.68532
-0.995269,2.86252
-1.25755,3.34443
-1.07578,2.97183
-1.08628,3.14996
-0.97305,2.77061
-1.24005,3.07579
-0.946333,2.91347
-0.937081,2.78442
-1.08838,3.08447
-0.877612,2.73001
-1.17074,2.75342
-0.991794,2.87951
-0.907409,2.69326
-0.995655,2.64512
-1.11691,3.21852
-0.824082,2.70498
-1.15118,3.20084
-0.88925,2.80721
-0.994191,3.03527
-1.11529,2.7158
-0.97624,3.18214
-0.935061,2.85123
-1.05483,3.15615
-0.967794,3.10278
-1.11781,2.38591
-0.852736,2.71169
-1.09655,3.15403
-0.85112,2.64352
-1.11068,2.8329
-1.13496,3.00986
-1.24481,2.67338
-1.1084,2.97844
-1.05318,3.25995
-1.07791,3.13329
-1.12897,3.08172
-0.812249,2.66477
-1.14962,3.00763
-1.09787,3.31343
-1.03851,2.83137
-0.994753,3.49573
-1.13606,3.66128
-0.903766,3.54234
-1.03403,3.00183
-1.02187,2.81346
-1.17131,3.10168
-0.945994,3.96257
-1.06934,2.97992
-0.98797,3.65484
-0.99333,2.85971
-0.952212,2.71231
-1.2456,3.34002
-0.672165,3.27925
-1.0568,3.23017
-0.93686,3.14876
-1.04645,3.27732
-0.822648,3.74923
-1.12601,3.0426
-1.09277,2.63809
-0.87306,2.72577
-1.09326,3.22511
-1.07544,3.12517
-1.14105,3.26716
-1.0599,3.30296
-1.01914,2.9738
-1.24093,3.46343
-1.1105,2.44931
-0.720475,2.66253
-1.01326,3.0365
-0.602758,3.80851
-0.796015,2.58267
-1.22963,3.3933
-0.9368,2.94621
-1.18225,3.47606
-1.10147,3.41906
-0.663435,3.57702
-1.05803,3.18803
-1.22016,3.09744
-0.729607,2.60934
-0.982315,3.02633
-1.33585,2.64191
-1.17358,3.21541
-0.937507,2.79361
-0.82926,2.84322
-1.19957,2.73492
-1.05769,3.35323
-0.934705,2.78546
-0.878833,3.00013
-1.01581,3.38064
-1.22231,3.09832
-1.14324,3.15261
-1.00029,2.89937
-0.984698,3.1181
-1.0804,2.76093
-1.24195,2.14975
-1.11914,3.46934
-0.930085,2.92636
-1.33321,2.95968
-1.00494,3.13732
-1.04427,2.79948
-0.793049,2.65406
-1.20912,3.2818
-1.07795,2.95286
-0.981809,3.45351
-1.10156,3.73626
-1.06121,3.15788
-1.03092,2.78371
-0.999122,3.03911
-0.960341,2.25363
-1.14926,3.02285
-0.991,2.76221
-1.15341,2.9146
-1.15519,3.26871
-0.854358,3.00131
-1.14432,2.95099
-1.00662,3.56961
-1.19764,3.47585
-1.1318,3.14352
-1.23451,3.02967
-0.958506,3.06733
-1.04523,2.92291
-1.25951,3.32007
-0.924237,3.04995
-0.896029,3.08504
-1.22629,3.34141
-1.26692,2.96436
-0.862436,2.66685
-0.894109,3.22131
-0.950953,3.55232
-1.05021,3.22859
-1.15167,3.82934
-0.946204,3.06759
-0.915701,2.78151
-0.986004,3.09698
-0.841399,3.02372
-1.15442,3.07914
-1.01651,2.98338
-1.27063,3.36194
-0.881102,2.96656
-1.00329,3.39196
-0.775338,4.15782
-1.2675,3.20469
-0.796791,2.86236
-1.06768,2.52585
-1.05107,3.11431
-0.91134,3.38094
-1.1673,3.31899
-0.945778,2.76864
-0.764337,2.93065
-0.859686,3.09648
-1.16274,3.20072
-1.01711,3.14407
-0.921686,3.59632
-1.01535,3.19324
-0.950081,2.89149
-1.05908,2.92522
-1.22536,3.45897
-0.771835,3.22546
-0.994261,3.11052
-1.0947,3.16995
-1.12953,2.77641
-0.863941,2.61228
-1.26253,3.15802
-0.873184,2.86311
-1.16841,3.33913
-1.16263,3.14208
-1.26824,2.91854
-0.858613,2.79515
-0.939423,2.95632
-1.09621,3.21601
-1.14108,3.11875
-0.973346,2.67151
-1.24636,2.73395
-0.895126,3.04499
-0.919935,2.69175
-1.03868,2.99047
-0.958856,2.95039
-0.986017,3.33101
-0.947769,2.73213
-1.08701,2.97592
-0.940057,2.89575
-0.720411,3.86358
-0.902247,2.76023
-1.25294,2.8317
-0.953693,2.85165
-0.895147,2.85141
-1.09055,3.27152
-1.061,3.3308
-1.04087,3.16728
-1.21342,2.91532
-0.950187,2.85761
-1.10914,2.99965
-0.858894,2.94873
-0.931396,2.91758
-1.06695,2.59356
-1.18432,2.93859
-0.970506,3.22022
-1.01031,3.09837
-1.10028,3.1635
-1.146,3.26767
-0.924681,2.76775
-0.85617,3.18017
-0.971315,2.79918
-1.03224,3.02258
-0.972733,3.08172
-0.678067,3.86269
-0.676348,2.86636
-0.853187,2.6864
-1.33472,3.00491
-0.942684,3.2666
-1.08931,3.05281
-0.954425,3.09419
-1.001,3.07067
-1.10789,3.05779
-0.881818,3.24974
-0.853286,2.66383
-1.07829,3.57866
-0.891734,3.10567
-0.963783,2.76364
-1.03143,2.89305
-1.19758,3.49256
-1.02654,3.13253
-1.10767,2.93231
-1.21821,3.21821
-1.07453,3.2483
-0.921039,2.95629
-0.997273,3.69583
-0.870229,2.81679
-1.24655,3.43197
-0.867242,2.83018
-1.16324,3.21924
-1.1438,3.14367
-1.09133,3.27497
-1.23744,3.51401
-1.05836,2.93936
-1.00668,2.94819
-1.03568,3.00587
-1.04948,3.24175
-1.12223,3.61838
-1.02478,2.99915
-0.873291,3.09927
-1.00991,3.47185
-1.05724,3.27572
-1.03589,3.38534
-1.11525,3.24152
-0.980554,2.90097
-1.08064,3.28097
-1.03909,2.9342
-0.974283,2.99991
-1.08147,2.71686
-0.954157,3.41264
-1.25626,3.04145
-0.982309,3.19354
-0.807871,2.65664
-0.977569,3.44918
-1.01606,2.94132
-1.08998,3.03564
-1.0825,3.02501
-1.0691,3.03165
-0.87027,2.74589
-1.40054,2.99654
-1.15308,3.14523
-1.08315,3.00814
-1.112,2.84494
-1.09495,3.02437
-0.836095,3.12188
-1.0531,3.13928
-0.993708,3.22026
-0.830081,2.85052
-0.87241,2.69212
-0.981485,2.79296
-1.13258,3.14511
-1.13864,2.08917
-1.03648,2.97352
-0.948889,3.08035
-1.092,3.07734
-0.918423,3.61529
-1.20297,3.7895
-0.96001,2.82237
-1.17184,2.98543
-1.03074,2.80757
-1.07255,3.01527
-0.817865,2.91069
-0.997867,3.0105
-1.2084,3.02956
-1.16379,3.44869
-0.9351,2.87994
-1.00377,2.88486
-0.983333,2.82031
-1.13713,3.21852
-1.05578,3.19926
-1.08612,2.73065
-1.1629,3.27293
-0.969855,3.30191
-1.095,3.09068
-1.08226,3.01133
-0.940613,2.86259
-0.903118,3.36045
-0.946175,3.54937
-1.09835,3.36203
-1.25898,3.2116
-0.958147,3.00407
-1.02548,2.88637
-1.04083,2.86136
-1.08174,2.62043
-1.03506,2.95452
-1.01724,2.92066
-1.18333,3.483
-0.889002,3.29684
-1.06539,2.91746
-1.08309,2.95546
-1.04347,3.42335
-0.90812,2.78469
-0.963634,2.98966
-1.14587,2.85174
-1.17112,3.23511
-1.23091,3.63231
-0.957975,2.56254
-1.03668,3.08461
-1.01473,2.88536
-0.988179,3.13393
-1.17089,3.2954
-1.11162,2.91525
-1.14678,2.88083
-0.799371,2.97364
-1.0522,2.99063
-1.07623,3.12441
-0.935971,3.63086
-1.0115,2.79789
-0.980686,2.96662
-1.09242,3.15745
-0.968907,2.80569
-1.02088,2.96506
-0.903211,2.95208
-1.01406,3.05901
-0.955051,3.1883
-1.10502,3.27103
-1.12385,3.27204
-0.903969,3.06689
-1.05618,3.01909
-1.04599,3.60699
-0.914139,2.81942
-1.10586,3.07817
-0.869144,3.16032
-1.05274,2.96899
-0.91955,3.38637
-1.07818,3.28089
-0.943511,3.19779
-1.06604,2.86331
-1.18787,2.75334
-0.984249,2.88358
-0.951933,2.72906
-0.983145,3.0051
-1.05086,3.06988
-1.17283,3.3024
-1.1943,3.51997
-1.10931,3.10264
-1.13279,3.26512
-1.21962,3.51908
-1.04032,3.16758
-1.05728,2.85305
-1.06644,2.6084
-1.10461,2.96392
-1.1084,2.93852
-0.911491,2.71988
-1.07532,3.28768
-0.998906,3.13871
-1.00156,3.06661
-1.14746,3.09905
-0.966939,3.02186
-0.946144,2.8019
-1.22293,3.43332
-1.13324,2.87466
-1.20528,3.2537
-1.28572,3.11892
-0.713039,2.98583
-0.970603,3.0943
-0.919276,2.98656
-1.10847,3.49826
-1.01976,2.99474
-1.23856,2.96722
-1.01404,2.89539
-1.17886,3.03363
-0.82176,2.76823
-1.03477,3.14808
-0.977618,2.87759
-0.956213,3.05668
-1.1148,3.2359
-1.13349,3.01572
-0.951837,2.85609
-0.914409,2.57423
-1.08804,3.73236
-0.820242,3.70363
-1.09522,3.04576
-1.17111,2.85994
-1.0737,3.07233
-1.04345,3.13551
-1.18478,3.07038
-1.04325,2.87967
-1.22763,3.14699
-1.08584,2.96819
-1.03425,2.82586
-0.997766,3.41165
-0.947833,2.87323
-1.21017,3.01528
-1.07948,3.25631
-0.934808,3.17789
-1.27646,3.14961
-1.20617,2.95403
-1.05888,3.53627
-0.985505,2.97458
-0.939238,3.01599
-1.20749,3.19598
-1.07124,2.85879
-0.783297,2.91799
-0.990668,3.01143
-1.04084,3.02915
-1.07526,3.26967
-1.19322,3.21923
-1.10631,3.47515
-1.1346,3.27346
-0.721679,2.7961
-1.09543,3.22347
-0.945718,2.59708
-1.18551,2.99946
-1.00899,3.26862
-1.02034,3.32822
-0.898367,2.72101
-1.00634,2.99305
-1.17878,3.10634
-1.03627,2.96828
-1.36356,3.14719
-1.16265,3.50314
-0.769581,2.79695
-1.07224,3.2255
-1.11797,3.12095
-1.19166,3.0649
-1.09149,2.75151
-0.850793,2.76276
-1.20587,3.07775
-1.11028,2.59528
-0.963835,2.72626
-1.06057,3.20039
-1.16576,3.07545
-0.964108,2.82891
-1.0706,2.85258
-0.963172,2.98466
-0.962343,3.37263
-1.04243,3.24588
-0.966934,2.96232
-1.02734,2.90632
-1.07492,2.95837
-0.995333,3.05129
-1.0255,3.15088
-1.07337,3.05884
-1.02931,2.72884
-0.945288,2.73417
-1.07028,3.24048
-1.09965,2.93454
-0.923985,2.90745
-0.931697,2.9925
-0.970855,3.32981
-1.0927,3.19209
-1.06677,2.92781
-1.14394,3.16927
-1.01583,2.94029
-1.17573,3.01787
-1.0529,3.2463
-1.08448,2.96725
-0.955926,2.83153
-1.06582,2.79632
-1.04625,3.71578
-1.15027,3.12035
-1.13354,2.4316
-1.04544,2.83754
-0.92695,2.77839
-1.03782,3.00296
-1.08127,2.98828
-1.06217,3.2001
-0.935397,2.8754
-1.11145,3.04452
-0.79447,3.59601
-0.915858,3.00723
-0.862114,3.3164
-0.982571,3.64047
-1.03804,2.74788
-1.06444,2.90279
-0.947827,2.84945
-1.0352,2.92206
-0.921821,3.01109
-1.25717,2.90543
-0.773805,3.10544
-1.04625,3.31095
-1.04255,2.99282
-0.986227,2.99796
-1.27514,3.57946
-1.32603,3.38573
-0.921722,2.73645
-1.26756,3.24986
-0.932747,2.81482
-0.943246,2.99026
-0.938828,3.0186
-1.13968,3.5273
-1.0597,2.75796
-0.968762,2.84571
-1.07934,2.44757
-0.896743,2.84477
-1.38889,2.40719
-1.04363,3.00038
-1.01717,2.8994
-1.0618,2.99853
-0.959014,3.05567
-1.01552,3.73947
-1.09428,3.05911
-0.810096,2.67886
-0.914056,2.88135
-0.968207,2.71953
-1.01831,3.28527
-0.982065,3.63427
-1.22216,3.25078
-0.785128,2.74399
-0.882083,2.81921
-0.961664,3.61125
-1.05823,3.04452
-0.989223,3.14525
-1.20487,2.92739
-1.00996,3.47914
-1.22529,3.34972
-1.11829,3.18112
-1.0471,2.94005
-1.0765,2.96981
-0.931828,2.96758
-1.09506,3.13276
-1.03058,3.32662
-1.0623,3.02116
-0.843961,2.72091
-1.13708,2.96055
-0.827554,2.88314
-1.18937,3.39336
-1.06957,3.14158
-0.843621,3.54246
-0.987767,2.85127
-0.848463,2.54207
-1.04062,3.71376
-1.10789,3.152
-1.15178,2.78188
-0.975494,3.0741
-0.966249,2.97268
-0.99262,3.20776
-1.19521,2.86325
-0.785741,2.84954
-1.01923,2.68501
-1.00256,3.18196
-0.998488,3.27944
-1.08501,2.95555
-1.09254,3.10023
-1.08078,3.21864
-1.10149,3.23561
-0.803398,2.78755
-1.10217,3.36153
-0.91269,2.90654
-0.984791,3.06053
-1.05127,2.94758
-0.898127,2.93078
-0.721737,2.72001
-1.04427,3.06141
-0.953883,2.71676
-0.867083,2.88744
-1.10769,2.79643
-1.14227,2.79671
-1.11144,2.78669
-1.00234,2.95194
-1.01377,2.99679
-1.1555,2.69064
-1.03205,2.8955
-0.909925,2.91378
-0.961644,3.05259
-0.837749,3.42142
-1.10178,3.01504
-1.17939,3.41509
-1.02643,2.89225
-1.05507,2.93321
-1.02564,2.66881
-0.937062,2.83362
-1.09618,2.93253
-0.933248,3.32189
-0.86705,2.61347
-0.826345,3.48561
-0.992136,3.50647
-0.902009,2.75172
-0.942058,2.85309
-1.02687,3.3886
-0.973296,3.03156
-1.19169,3.54507
-0.870982,3.01195
-0.915433,2.71171
-0.841611,2.66426
-0.901251,2.92168
-1.04077,2.9408
-0.920243,3.30921
-0.881173,2.75252
-0.972935,2.77495
-1.05392,3.34425
-1.42874,2.36845
-1.12804,2.88712
-1.05426,3.32013
-0.758411,2.59544
-1.0473,2.71846
-1.21095,2.43884
-1.24819,3.67487
-0.956815,3.06388
-0.990166,2.45995
-0.820582,2.62711
-1.09258,3.33899
-0.965926,2.77638
-0.860146,2.72145
-1.16415,3.33769
-1.15228,3.12762
-0.811911,2.55079
-1.04739,2.99548
-0.843236,3.0604
-1.03297,3.02873
-0.892355,3.18238
-1.14688,3.77584
-0.961303,2.77049
-1.06415,2.8601
-0.950963,2.8074
-1.15744,2.91203
-1.06728,2.96326
-0.841323,2.69028
-0.917799,3.03143
-0.842851,2.73849
-0.940604,2.74814
-0.944541,2.75586
-1.00116,2.96749
-1.06394,3.15646
-0.950468,3.51992
-0.99822,3.03015
-0.922395,2.96269
-0.899194,2.68602
-0.968449,3.4552
-0.866343,2.93514
-0.895741,3.03452
-1.1205,3.03745
-1.055,3.21204
-1.13342,3.14916
-1.24963,3.32048
-1.08793,3.22246
-0.86596,2.66439
-1.10651,2.83481
-0.910703,2.95027
-0.971387,3.22085
-0.948841,2.88117
-1.15518,3.22982
-0.903813,2.62422
-0.82209,3.20576
-1.08905,3.17179
-0.915222,3.23169
-1.12643,3.10406
-1.03918,3.13642
-1.12545,2.86882
-1.05696,3.33064
-0.980591,2.81438
-0.984388,3.29087
-0.940839,2.77704
-1.11263,3.08629
-1.09019,2.99803
-1.0427,3.09776
-0.903524,2.81017
-1.36034,2.49554
-1.17379,3.08768
-1.12698,3.03166
-0.930318,2.78789
-1.0049,2.83669
-1.05437,3.009
-1.24469,2.92714
-1.38524,3.16366
-0.869819,3.08202
-1.1224,2.7396
-1.04851,2.90881
-1.18142,3.48893
-1.11471,2.86571
-1.02612,3.41232
-1.0494,3.02271
-1.05083,2.95913
-0.867481,3.29266
-1.02983,3.40766
-0.946137,2.88373
-1.07772,2.92448
-1.07513,3.23794
-1.21442,2.73662
-1.10442,3.10619
-0.998185,3.25768
-1.24084,3.2589
-1.12007,3.45043
-1.03665,2.90829
-1.13283,3.47714
-0.962267,2.42883
-0.887329,2.92271
-0.873625,2.85693
-0.928367,2.73858
-1.00728,2.56494
-1.05273,3.37354
-0.920119,2.7475
-1.00716,2.91012
-1.18174,3.11758
-1.0848,3.0394
-0.996582,3.73018
-0.99855,3.03603
-1.19405,3.14308
-0.874449,3.46099
-0.991303,2.89165
-0.895885,2.71062
-1.02147,2.97384
-0.971919,3.70335
-1.16268,3.45843
-1.0822,2.96119
-1.01841,3.00141
-1.03368,2.86287
-0.939612,2.99411
-0.822428,2.90801
-1.15763,3.2536
-1.03287,2.90088
-1.04393,3.05945
-0.996816,2.87973
-1.19077,3.26878
-1.06927,3.23482
-1.22222,2.99188
-0.931735,2.64198
-0.878222,2.69874
-1.06754,2.75534
-1.05441,2.95953
-1.23066,3.053
-0.937503,3.26
-1.05806,3.03067
-1.08377,3.04168
-0.905328,3.21601
-1.09095,2.19152
-0.932464,2.50002
-1.01556,2.82583
-1.02673,2.88495
-0.955736,2.76067
-1.13888,3.38113
-0.784176,2.56309
-0.796598,2.74293
-1.06278,3.08614
-1.21923,3.67108
-1.10036,3.04621
-1.22647,2.95178
-0.945758,2.86524
-1.06553,3.29845
-0.964566,3.2253
-0.868638,2.74656
-1.32441,2.37483
-0.967674,2.92047
-1.10716,3.54899
-0.984878,2.90394
-1.0077,3.26756
-1.06326,3.10783
-1.12739,3.47723
-1.0388,3.136
-0.99251,2.94213
-1.33413,2.52731
-1.23259,3.5163
-0.909557,2.88081
-1.10777,2.9878
-0.938906,2.81192
-0.969385,2.93495
-0.949208,2.57721
-1.13961,3.05275
-0.961435,2.81746
-1.1932,2.96857
-0.854316,3.4246
-1.18631,3.37557
-1.04973,3.03455
-1.09223,2.99136
-1.06315,2.90776
-0.997342,3.3674
-0.919398,3.05022
-1.02098,2.91911
-0.904287,2.97252
-0.919409,3.15013
-1.04654,3.28649
-0.954094,2.73379
-1.00959,2.97688
-1.23779,3.37559
-0.957739,2.85238
-1.0935,3.23785
-1.08764,3.35138
-0.969304,2.92995
-0.962716,3.21042
-1.05367,3.07107
-1.08494,2.98793
-0.974915,2.96673
-1.12781,3.51085
-1.00632,2.46266
-1.07036,2.86218
-0.971047,3.46692
-1.03665,3.08387
-1.16921,3.15466
-1.02503,3.36696
-1.04378,2.88672
-0.819041,2.72944
-1.04808,2.9755
-0.992793,3.46516
-0.844434,2.34015
-0.944278,2.73111
-1.15854,3.0409
-0.969239,3.56582
-1.03549,3.00582
-1.14541,2.61032
-1.04069,2.98967
-1.14459,3.15393
-0.830403,3.14276
-0.595633,3.18396
-1.1164,2.95145
-1.23087,3.34655
-1.1064,3.38305
-1.23161,3.36782
-1.08965,2.96154
-0.934186,3.05377
-1.04339,2.9447
-0.992996,3.14348
-1.22539,2.88127
-0.909135,3.14403
-0.896587,2.75416
-1.04509,3.00449
-0.971266,2.58827
-1.04426,2.9618
-0.936658,2.44296
-0.927444,3.84021
-0.883696,3.17215
-1.15849,3.24378
-1.09257,3.04703
-0.680568,2.66647
-1.43278,2.9232
-1.22046,3.12413
-1.23619,3.28513
-0.915258,3.87171
*
-1.69061,1.33492
-1.73613,1.26149
-1.70422,1.20635
-1.46771,1.25424
-1.57546,1.25609
-1.84234,1.56273
-1.64335,1.35387
-1.95194,1.38373
-1.7487,1.303
-1.77652,1.14923
-2.18065,1.43867
-1.26031,1.24265
-1.56609,1.1663
-1.62982,1.31147
-1.75086,1.35043
-1.86277,1.46017
-1.36211,1.26605
-1.85581,1.26094
-1.4505,1.26351
-1.26957,1.17102
-1.64078,1.37086
-1.32171,1.22391
-1.65575,1.12961
-1.49043,1.36462
-1.69452,1.35896
-1.42163,1.20889
-1.52628,1.39731
-1.57392,1.29665
-1.76771,1.23708
-1.86623,1.1673
-1.2279,1.12138
-1.5122,1.33803
-2.14666,1.43551
-2.51895,1.83028
-1.68564,1.1664
-1.7763,1.42111
-1.69276,1.20424
-1.60897,1.34168
-1.38817,1.16021
-1.55388,1.19086
-1.50802,1.17628
-1.23459,1.34762
-1.92803,1.2854
-1.88652,1.31548
-1.81215,1.2776
-1.71932,1.38638
-1.28865,1.08983
-1.6581,1.35392
-1.88376,1.30263
-2.24122,1.46861
-1.98083,1.18645
-1.6059,1.29561
-1.29106,1.25837
-2.27026,1.40362
-1.85895,1.30581
-1.56247,1.23212
-1.87622,1.38271
-1.66965,1.24126
-1.66541,1.16697
-1.94474,1.25789
-0.995791,1.40256
-1.08031,1.01821
-1.77821,1.30626
-1.64134,1.22337
-1.73563,1.34445
-1.7755,1.2291
-1.91502,1.3265
-2.26858,1.46662
-1.89492,1.40178
-1.09521,1.51539
-1.52263,1.29213
-1.78821,1.15633
-1.77413,1.21523
-1.68117,1.38311
-2.03246,1.32934
-1.83565,1.12139
-1.41148,1.32784
-1.15301,1.11297
-1.67718,1.24802
-1.77523,0.957105
-2.21088,1.44461
-1.88511,1.25322
-1.66778,1.36112
-2.36631,1.48359
-1.46897,1.33679
-2.11466,1.35197
-1.54614,1.2674
-1.87803,1.42649
-1.95183,1.26458
-1.39651,0.869452
-1.55705,1.12158
-2.33696,1.33835
-1.47926,1.23248
-1.19457,1.25459
-1.68839,1.38564
-1.52392,1.1277
-1.7323,1.30187
-1.60963,1.27448
-1.3231,1.23996
-1.6175,1.06815
-1.43601,1.24631
-1.89219,1.40363
-1.21955,1.20142
-1.71782,1.33449
-1.97887,0.923798
-1.8312,1.33368
-2.05852,1.44421
-1.39204,1.15233
-2.07816,1.17082
-0.661888,1.24826
-1.42446,1.21718
-2.09417,1.41924
-1.65196,1.15804
-1.81462,1.48107
-1.54618,1.24435
-1.71886,1.34913
-1.11021,1.24126
-1.7957,1.1039
-1.90475,1.50948
-1.59265,1.2228
-1.79794,1.20739
-1.71834,1.2298
-1.35556,1.34443
-1.45683,1.25814
-1.41076,1.22341
-1.91259,1.33992
-2.05016,1.45295
-1.47246,1.37541
-1.62086,1.31552
-1.92185,1.35994
-1.41139,1.31684
-1.59263,1.57091
-1.37087,0.888656
-1.52507,1.25595
-1.46184,1.30349
-2.21819,1.46155
-1.46142,1.35208
-1.42395,1.06495
-1.54694,1.34203
-2.00289,1.28694
-1.45955,1.32526
-1.72786,1.43312
-1.79448,1.22014
-1.84671,1.23349
-1.48724,1.33729
-1.90173,1.36979
-2.04897,1.52237
-1.68523,1.46409
-2.08947,1.20899
-1.54066,0.86171
-2.38097,1.42015
-1.17596,1.12386
-1.43368,1.30089
-2.06236,1.34367
-1.78883,1.39616
-1.53939,1.24421
-1.33588,1.25704
-1.53728,1.20173
-0.785286,1.15906
-1.77887,1.3172
-1.70216,1.29709
-1.95987,1.24378
-1.69658,1.16076
-1.374,1.15205
-1.3969,0.882371
-1.86922,1.15013
-1.54091,0.961053
-1.63249,1.31126
-1.97157,1.39253
-1.92731,1.2142
-1.57404,1.36219
-1.64324,1.30519
-1.91963,1.35954
-1.83544,1.33685
-2.28929,1.4667
-1.62002,1.24609
-1.49258,1.21282
-1.69997,1.04403
-1.37642,1.38366
-1.8987,1.30325
-1.72323,1.26229
-1.69698,1.19305
-1.71551,1.29752
-2.09307,1.41143
-1.86757,1.37673
-1.80701,1.34115
-1.22482,1.20297
-1.58767,1.4255
-1.35294,1.17059
-1.67195,1.25236
-1.0623,1.29712
-1.19798,1.20588
-1.13665,1.42083
-1.7724,1.49823
-1.31945,1.26831
-1.73377,1.17985
-1.3493,1.32734
-1.90494,1.29351
-1.47612,1.15045
-1.7455,1.24313
-2.05962,1.27929
-1.70724,1.376
-1.49552,1.29981
-2.22512,1.34494
-1.6774,1.33567
-2.26271,1.52541
-1.87136,1.15253
-1.32249,1.07631
-1.62356,1.30833
-1.50583,1.25928
-1.87523,1.4825
-1.51661,1.18949
-1.86992,1.28465
-1.60622,1.32224
-1.55027,1.14204
-1.61271,1.20468
-1.59698,0.882384
-1.40598,1.31296
-1.40164,1.2837
-1.73419,1.11734
-1.74548,1.21448
-1.37842,1.28399
-1.7341,1.24531
-1.73767,1.4015
-2.28824,1.62291
-1.03596,0.937695
-1.41479,1.31689
-1.88011,1.26372
-1.69048,1.22751
-1.79312,1.16644
-1.76807,1.35828
-1.47347,0.972495
-1.66033,0.91545
-1.37099,1.19443
-2.01601,1.26257
-1.80501,1.23834
-1.83309,1.16701
-2.11797,1.614
-1.81549,1.1438
-1.71109,1.2403
-1.47191,0.770033
-1.0931,1.03413
-1.78147,1.24329
-1.67978,1.28134
-1.85779,1.28971
-1.59573,0.962419
-1.52259,1.13678
-2.2106,1.43263
-2.79704,1.77118
-1.84938,1.30188
-1.84317,1.30798
-1.66041,1.29524
-1.80772,1.20923
-2.11475,1.2628
-1.09893,1.22071
-1.98795,1.35434
-1.75793,1.24853
-1.69437,1.07215
-1.80933,1.22945
-1.71068,1.29351
-1.79429,1.5812
-1.83029,1.26626
-1.71439,1.33122
-1.87193,1.5294
-1.50253,1.37354
-1.93988,1.22417
-1.8399,1.31523
-1.46876,1.28549
-1.39187,0.913312
-2.34533,1.47415
-2.13176,1.15702
-1.88033,1.32377
-1.89944,1.2971
-1.56697,1.22853
-1.60331,1.07414
-1.72171,1.27124
-1.9517,1.61673
-2.29204,1.23019
-1.72774,1.72518
-1.43651,0.988299
-2.07555,1.43114
-1.64072,1.36111
-1.85568,1.30079
-1.7647,1.32234
-1.18593,0.790065
-2.03104,1.37989
-1.86011,1.20723
-1.70723,1.27557
-1.9307,1.17911
-1.53183,1.31367
-1.94961,1.44389
-1.9612,1.20541
-1.97841,1.29745
-1.66076,1.35655
-1.16875,1.05683
-1.91403,1.31974
-1.7324,1.33383
-1.62747,1.26011
-1.82568,1.40455
-1.37212,1.15794
-2.02637,1.5065
-1.67674,1.11707
-1.64242,1.32392
-2.02089,1.34877
-1.80096,1.2516
-1.70983,1.41501
-1.9006,1.37949
-1.60288,1.26624
-1.8991,1.2209
-1.741,1.31752
-2.05092,1.30011
-1.67622,1.13056
-1.67358,1.36807
-2.23161,1.23017
-2.05054,1.57155
-1.794,1.30975
-1.68493,1.05469
-1.4831,1.31638
-1.04729,1.30869
-1.61233,1.38513
-1.85093,1.26084
-2.36337,1.55509
-2.00545,1.35994
-1.82165,1.3161
-1.30282,1.30095
-1.69672,1.23864
-1.89901,1.22484
-1.54999,1.05164
-1.99765,1.4264
-1.21231,1.02635
-1.63575,1.43259
-2.16247,1.23558
-1.63174,0.945791
-1.453,1.12714
-1.92589,1.42026
-2.31632,1.56752
-1.82545,1.73225
-1.83048,1.41108
-1.64405,1.2851
-1.86037,1.27817
-1.44593,0.925857
-1.68598,1.26971
-1.5976,1.08153
-2.32972,1.36759
-1.55121,1.02813
-1.28457,1.18744
-1.73133,1.32109
-2.04048,1.40882
-1.646,1.31784
-1.81765,1.09455
-1.4743,1.16034
-1.60569,1.18699
-1.58709,1.33378
-1.60324,1.20271
-1.75299,1.32688
-1.72543,1.14631
-1.66911,1.22914
-2.09772,1.67194
-1.97297,1.30434
-1.81871,1.3085
-1.39715,1.2363
-1.94715,1.2993
-1.39616,1.35451
-2.30139,1.3246
-1.77532,1.21568
-1.39138,1.1768
-1.81242,1.34791
-1.68726,1.48102
-2.28573,1.37112
-1.78347,1.11582
-1.47437,1.21378
-1.59349,1.40833
-1.85298,1.36495
-1.70207,1.17756
-1.98895,1.27833
-1.57722,1.5146
-1.36259,1.01001
-1.67061,0.736053
-1.91845,1.29918
-1.76612,1.26235
-1.87178,1.38204
-2.08556,1.36765
-1.89229,1.29329
-1.61091,1.31341
-1.94334,1.30395
-1.49519,1.34714
-1.35773,0.981571
-1.62229,1.32244
-1.46161,1.30159
-1.91952,1.28142
-1.62348,1.33753
-1.83102,1.32598
-1.7081,1.31094
-1.84218,1.20082
-1.06774,1.08283
-1.59823,1.34803
-1.82148,1.22325
-1.527,1.30853
-1.87852,1.40918
-1.57619,1.14986
-1.49254,0.933386
-1.7762,1.39274
-1.87272,1.32789
-1.33621,1.21455
-1.96969,1.60138
-1.91806,1.48315
-1.19863,1.37045
-1.36737,1.24722
-1.207,1.3246
-2.22624,1.18277
-1.73505,1.30252
-1.85322,1.11361
-1.85524,1.46741
-1.81897,1.46368
-1.73896,1.28819
-1.44858,1.15633
-1.8537,1.42569
-2.1313,1.36774
-2.29838,1.17333
-1.62696,1.27399
-1.37901,1.26462
-1.66491,1.2392
-1.67908,1.39075
-2.07771,1.17405
-1.3647,1.2571
-1.66026,1.29871
-1.0956,1.00032
-2.38568,1.59866
-1.85633,1.12404
-1.77147,1.04749
-1.87829,1.21408
-2.1692,1.5752
-2.04247,1.10784
-1.65245,1.36124
-1.93111,1.41998
-1.56901,1.10683
-1.57908,1.37161
-1.79611,1.44806
-1.90063,1.23501
-1.84765,1.20719
-1.8251,1.3732
-2.28271,1.38551
-1.83518,1.29213
-1.69697,1.3374
-1.62605,1.30318
-1.92273,1.37005
-1.76022,1.25397
-1.75439,1.28434
-1.99238,1.04362
-1.95599,1.18358
-1.79917,1.38699
-1.78202,1.3096
-1.81922,1.31953
-1.57979,1.05128
-1.686,1.23107
-2.0489,1.31928
-1.66534,1.02228
-1.57705,0.821214
-1.64794,1.28038
-1.89147,1.30916
-1.64638,1.0317
-1.72094,1.02048
-2.44063,1.69973
-1.93469,1.11969
-1.57517,1.31142
-1.6716,1.15028
-1.70116,1.2989
-1.49217,1.2334
-1.76513,1.3007
-1.32512,1.25028
-1.81884,1.34064
-1.69933,1.31777
-1.99645,1.38044
-1.13769,1.10666
-1.11293,0.698456
-1.6999,1.33565
-1.62624,1.19117
-1.54684,1.15435
-1.70147,1.32424
-2.09469,1.54406
-2.22996,1.31818
-1.36978,1.39399
-1.31408,0.907864
-1.4535,1.30326
-1.56508,0.954066
-1.9514,1.36286
-2.2561,1.3743
-1.0507,1.26634
-1.94575,1.4234
-1.64851,1.26871
-1.53716,1.23691
-1.34032,1.24653
-1.67601,1.26505
-1.59987,1.34861
-1.00635,1.26415
-1.34239,1.33651
-1.5302,1.17159
-1.07964,0.98408
-1.22505,1.19704
-1.71276,1.31642
-1.96917,1.17826
-1.32998,1.15902
-2.07002,1.26963
-1.39778,1.35691
-1.65699,1.282
-1.95599,1.27376
-1.53297,1.1757
-1.98366,1.39728
-1.24618,1.2779
-1.66938,1.30825
-1.81425,1.32422
-1.42745,1.33923
-2.20584,1.48104
-1.63673,1.29458
-2.03087,1.30426
-2.07432,1.16283
-1.89059,1.21559
-1.30092,1.41709
-2.58049,1.48134
-1.67652,1.30033
-1.46145,1.13176
-1.34906,1.23654
-1.49712,1.23496
-1.76283,1.33442
-1.89003,1.30027
-2.37837,1.57645
-1.64806,1.25507
-1.60038,1.13647
-2.52446,1.54273
-1.64614,1.35105
-2.25632,1.32088
-1.89268,1.27574
-2.54032,1.54091
-2.0214,1.36895
-2.33077,1.78794
-1.449,0.998655
-2.02735,1.2549
-1.82064,1.2497
-1.33444,0.924972
-1.41463,1.21876
-1.65379,1.03907
-1.22135,1.2238
-1.50307,1.36871
-1.24587,0.952801
-1.52684,1.42426
-1.65728,1.31305
-1.96998,1.35657
-1.69345,1.0584
-2.19094,1.33531
-1.6409,1.34708
-1.35454,1.04695
-1.53279,1.23387
-2.00621,1.18325
-1.6376,1.21732
-1.70628,1.24615
-2.2992,1.68975
-1.50718,0.831514
-1.83805,1.01497
-1.40962,1.06144
-1.80852,1.2955
-1.24726,0.839735
-1.67533,1.16573
-1.71546,0.964612
-1.84543,1.07168
-1.51302,1.5228
-1.92331,1.23443
-1.48092,1.36373
-1.54345,1.25297
-2.18891,1.77921
-1.71763,1.20798
-1.97385,1.5453
-1.88274,1.19526
-1.32589,1.19547
-1.67728,1.22287
-1.7935,1.28352
-1.73592,0.888984
-1.88489,1.62305
-1.98169,1.11595
-1.67295,1.19849
-1.82615,1.12159
-1.97792,1.34096
-1.27317,1.17877
-1.43346,1.18408
-1.59102,1.1841
-1.41987,0.926571
-2.11169,1.314
-1.84008,1.23894
-1.61113,1.4494
-1.59539,1.20155
-1.63364,1.17811
-1.48737,1.37729
-1.81788,1.3532
-1.49661,1.31092
-1.97109,1.45396
-1.88178,1.3848
-1.62175,1.10579
-1.61742,1.23059
-1.93934,1.41082
-1.54229,1.29624
-1.51965,1.14428
-1.70536,1.41685
-1.89239,1.4952
-1.76573,1.36256
-2.15995,1.46186
-1.55966,1.36439
-1.86928,1.40474
-2.05021,1.29429
-1.86386,1.18959
-1.93397,1.39989
-1.82255,1.33319
-1.31875,1.30599
-2.08225,1.25573
-2.0388,1.31415
-1.89719,1.18786
-1.77956,1.2929
-1.77795,1.3653
-1.79761,1.36606
-1.64828,1.37934
-1.655,1.26969
-1.68542,1.3072
-1.34893,1.02802
-1.40818,1.27703
-1.57654,1.2175
-1.67578,1.17894
-1.93308,1.14803
-1.69399,1.26778
-1.92963,1.2579
-1.87055,1.41412
-1.39253,1.32898
-1.63509,1.30908
-1.65216,0.979943
-1.89868,1.32274
-1.78587,1.44411
-1.22391,1.21131
-1.77996,1.28577
-1.60996,1.00142
-1.4429,1.0313
-2.05953,1.33472
-1.59381,1.33766
-1.55306,1.3026
-1.85169,1.04096
-1.65127,1.32923
-1.77242,1.45723
-1.40505,1.17619
-1.57094,1.20032
-1.85771,1.20748
-1.43805,1.37559
-1.41663,1.14739
-1.55732,1.10685
-1.48069,1.24435
-2.39797,1.53872
-1.50318,1.34367
-1.47008,1.32146
-1.79603,1.20668
-1.75499,1.38439
-1.45291,1.33924
-2.31374,1.39444
-1.75967,1.29071
-1.95792,1.43328
-1.72834,1.37718
-1.51259,1.11975
-1.22676,1.02158
-2.19129,1.3469
-1.30264,1.03588
-1.61186,1.31697
-1.63648,1.33332
-1.29023,0.96929
-1.5642,1.20975
-2.1675,1.36675
-1.68049,1.37201
-2.03015,1.45935
-1.32866,1.02329
-1.31925,1.23186
-2.06633,1.33085
-1.8163,1.21258
-2.0718,1.20733
-2.01274,1.28876
-0.884126,1.28504
-2.00444,1.35236
-1.84544,1.32415
-1.89103,1.32427
-1.65383,1.24593
-1.85009,1.12645
-1.46706,1.30227
-1.90439,1.17354
-1.78964,1.2873
-1.80117,1.38048
-1.6448,1.28599
-1.21472,1.0033
-1.83435,1.11245
-1.6764,1.20736
-1.90896,1.32981
-1.58339,1.28093
-1.44047,1.2812
-1.68534,1.31421
-1.89993,1.36525
-1.38871,1.44629
-1.77956,1.2145
-1.74075,0.899749
-1.69799,1.33026
-1.55322,1.38714
-1.35327,0.85075
-1.47286,1.31961
-1.69351,1.27766
-0.876389,1.13096
-1.65415,1.30444
-2.36324,1.34625
-1.14248,1.24043
-2.00022,1.38287
-1.36852,1.21592
-1.33423,1.0286
-0.937251,1.05988
-1.79246,1.15158
-1.48358,1.2086
-1.80213,1.74741
-1.92759,1.1633
-1.79991,1.19889
-1.17083,0.995992
-1.69211,1.309
-1.2075,0.91832
-1.8385,1.40087
-1.51062,1.37542
-1.86674,1.09215
-1.1922,1.18492
-2.11163,1.31073
-1.49235,1.23911
-1.12885,1.26479
-1.71018,1.38172
-1.37924,0.901791
-1.66408,1.27174
-1.60777,1.25419
-1.80704,1.37342
-1.52001,1.59074
-1.49894,1.18051
-1.42784,0.968679
-1.95175,1.34563
-1.44984,1.21769
-1.55864,1.4041
-1.33916,1.38037
-2.20444,1.35046
-1.62483,1.38897
-1.88795,1.03445
-1.67415,1.36257
-1.28625,1.24122
-1.32212,1.19855
-1.80142,1.29783
-1.70549,1.18105
-1.3782,1.30843
-1.69717,1.31185
-1.2795,1.21823
-1.65766,1.31845
-1.00179,0.937423
-2.00115,1.30964
-1.86653,1.36288
-1.766,1.163
-1.91353,1.34218
-1.5759,1.26957
-1.90815,1.07153
-1.56708,1.34478
-1.73185,1.22652
-1.89611,1.3572
-1.60567,1.37842
-1.86493,1.23767
-1.63714,1.30522
-1.74075,1.3842
-2.20649,1.63781
-1.34558,1.00538
-1.41867,1.34293
-1.3446,1.0747
-1.99136,1.0118
-2.02297,1.29756
-1.60858,1.23803
-1.88192,0.901715
-1.39937,1.25847
-1.69509,1.29894
-1.46325,1.19859
-1.72763,1.29765
-1.77659,1.19388
-1.82375,1.11571
-1.6226,1.23734
-2.12995,1.22494
-1.75169,1.20641
-1.60225,1.27463
-1.81483,1.24419
-1.87409,1.34712
-1.54365,1.15166
-1.08278,0.904139
-1.60756,1.31328
-1.5499,1.07113
-2.0114,1.29481
-1.64274,1.32544
-1.68373,0.912509
-1.88403,1.55225
-1.40836,1.15873
-1.83632,1.30879
-1.80699,1.13384
-1.97339,1.21253
-2.11376,1.36672
-1.88717,1.27005
-1.32111,1.02727
-1.45461,1.24868
-1.62743,1.3299
-1.88101,1.37007
-1.65862,1.23275
-1.67101,1.02159
-1.83248,1.35966
-1.96409,1.31082
-1.40707,1.10298
-1.99704,1.36192
-1.71602,1.31347
-1.96561,1.28807
-1.80309,1.35271
-1.60529,1.24171
-1.58063,1.38079
-1.9622,1.23482
-1.64007,1.34642
-1.4847,1.31578
-1.59634,1.24742
-1.85232,1.29875
-2.19651,1.41697
-1.33011,1.27191
-1.1781,1.09868
-1.71582,1.37218
-1.19373,1.06015
-1.64741,1.19879
-1.94019,1.20408
-1.97023,1.34835
-1.59699,1.25123
-1.49717,0.848518
-1.65836,1.24473
-1.73367,1.265
-1.43049,1.12183
-1.77746,1.24052
-1.40251,1.29381
-1.83662,1.24558
-1.7219,1.0879
-1.90864,1.36257
-1.717,1.14599
-1.57937,1.2398
-1.70822,1.29679
-1.87715,1.35058
-1.30966,1.09488
-1.11476,0.996082
-1.27516,1.20506
-1.6674,1.33355
-1.64194,1.30458
-1.59256,1.33734
-2.24966,1.20521
-1.63115,1.1575
-1.80878,1.31494
-1.43652,1.24243
-1.69812,1.20093
-1.63216,1.40057
-1.22573,1.24249
-1.58079,1.44408
-1.37148,1.0927
-1.98439,1.25814
-1.52906,1.19476
-1.66229,0.822768
-1.78727,1.1408
-2.189,1.27118
-1.03254,1.3359
-2.39587,1.72595
-1.63901,1.31149
-1.21399,1.24021
-1.78545,1.39326
-1.98734,1.31044
-1.42623,1.26169
-1.82136,0.987639
-1.96152,1.29773
-1.61503,0.870201
-2.06163,1.30642
-1.73027,1.32063
-1.61223,1.23271
-1.53599,1.36032
-1.43717,1.15104
-1.51789,1.37692
-1.80709,1.3572
-1.908,1.28028
-1.21537,1.21451
-1.72049,1.23186
-2.06777,1.29472
-2.23192,1.42012
-1.84125,1.28102
-2.04325,1.44499
-1.38273,1.22412
-1.67573,1.15689
-2.01649,1.28249
-1.57515,1.36125
-1.84531,1.27092
-1.69454,1.2617
-1.06039,0.962629
-1.57766,1.40344
-2.04156,1.43729
-1.53336,1.37235
-1.38331,1.11199
-1.82937,1.32326
-1.7712,1.33369
-1.68302,1.10918
-1.26541,1.16714
-1.79396,1.33882
-1.64177,1.311
-2.05007,1.23523
-1.64891,1.20063
-1.25423,1.10918
-1.79416,1.29901
-1.825,1.28041
-1.65293,1.32269
-2.09337,1.19342
-1.5997,1.08398
-1.50462,1.30887
-1.29634,1.031
-1.5834,1.33087
-1.21998,1.25536
-1.85739,1.33606
-1.87101,1.37382
-1.98008,1.36285
-1.62761,1.16527
-1.32479,1.22148
-1.82131,1.32259
-1.3467,1.18368
-1.9075,1.28137
-1.67187,1.07519
-1.81222,1.3796
-1.47885,1.28101
-1.71761,1.49351
-1.8025,1.28697
-1.90279,1.59622
-1.92692,0.936324
-1.82497,1.23766
-0.925907,1.22144
-0.996294,1.27856
-1.81852,1.24666
-1.84889,1.19346
-2.40692,1.66295
-1.6215,1.32292
-1.56251,1.24828
-1.43293,1.28504
-1.70309,1.1437
-2.08292,1.37338
-1.70369,1.28173
-1.03588,0.745721
-2.06861,1.35696
-1.36848,1.27436
-1.68467,1.17741
-1.6295,1.42045
-1.40857,1.20355
-1.72731,1.20529
-2.20712,1.40251
-1.14197,0.789116
-1.72327,1.29048
-2.02478,1.26613
-1.17833,0.964186
-1.76386,1.15749
-1.54657,1.29558
-1.65142,1.21773
-1.47712,1.27331
-1.34895,1.48385
-1.29365,0.925807
-1.8411,1.32049
-1.28649,0.898116
-0.983325,0.829728
-1.92498,1.30475
-2.01502,1.27838
-2.00016,1.34871
-1.52604,1.16369
-1.88704,1.15937
-1.81167,1.34602
-1.56112,1.32863
-1.03768,1.01504
-1.6318,1.08591
-1.28675,1.40636
-2.11619,1.40588
-1.60272,1.24462
-1.22559,0.905211
-1.8812,1.2365
-2.20515,1.38387
-1.80582,1.56678
-1.8869,1.3971
-1.65697,1.32347
-1.63561,1.42365
-1.75319,1.30324
-1.4234,1.15344
-1.62897,1.26651
-1.45379,0.975399
-2.01012,1.26178
-1.98421,1.34827
-1.32489,1.21306
-2.04257,1.28499
-1.93665,1.04459
-1.70242,1.29067
-1.73793,1.43243
-1.77761,1.31055
-1.71663,1.09829
-1.75855,1.18602
-2.19633,1.42419
-1.39514,1.34678
-1.3284,1.39003
-2.12229,1.63538
-1.58426,1.27061
*
