1.61816,1.2834
1.64489,1.26396
1.58499,1.28486
1.67571,1.27814
1.55082,1.27461
1.69132,1.28786
1.75249,1.22038
1.63373,1.26745
1.67571,1.27814
1.64489,1.26396
1.42132,1.34925
1.61816,1.2834
1.67571,1.27814
1.68697,1.20255
1.64489,1.26396
1.67697,1.21538
1.56339,1.2352
1.61816,1.2834
1.6725,1.21977
1.6571,1.22371
1.75636,1.12946
1.58432,1.2945
1.65532,1.2598
1.6584,1.21836
1.62609,1.31521
1.57642,1.27813
1.62686,1.22033
1.59792,1.23236
1.66643,1.26013
1.61816,1.2834
1.68212,1.23092
1.65091,1.20812
1.61026,1.30579
1.61796,1.28799
1.6484,1.19344
1.65532,1.2598
1.61895,1.27975
1.68249,1.19525
1.53608,1.25486
1.65532,1.2598
1.62609,1.31521
1.6757,1.19603
1.58979,1.26703
1.60622,1.26358
1.6294,1.22627
1.57618,1.21348
1.66288,1.26789
1.62609,1.31521
1.46421,1.30229
1.65668,1.26109
1.64345,1.30394
1.79051,1.14697
1.68697,1.20255
1.76476,1.14343
1.67571,1.27814
1.68959,1.14466
1.74109,1.17219
1.57059,1.31752
1.67086,1.24215
1.62219,1.2452
1.51797,1.22852
1.56268,1.27466
1.64489,1.26396
1.62372,1.32006
1.6216,1.21527
1.61816,1.2834
1.99851,1.07871
1.60127,1.19366
1.55558,1.32547
1.69079,1.21062
1.73048,1.18143
1.63927,1.24635
1.64489,1.26396
1.58499,1.28486
1.71216,1.18503
1.61612,1.25975
1.61553,1.22752
1.62219,1.2452
1.58293,1.18456
1.679,1.25567
1.68333,1.18521
1.64345,1.30394
1.66643,1.26013
1.55068,1.24673
1.54941,1.25866
1.62598,1.25953
1.71596,1.13173
1.67571,1.27814
1.56078,1.25645
1.80228,1.16251
1.61026,1.30579
1.65668,1.26109
1.66288,1.26789
1.64489,1.26396
1.64794,1.29774
1.84085,1.11977
1.66643,1.26013
1.62609,1.31521
1.61612,1.25975
1.53043,1.28971
1.58544,1.2782
1.77465,1.1347
1.75159,1.15755
1.68062,1.18203
1.65676,1.23989
1.4909,1.2684
1.61026,1.30579
1.61796,1.28799
1.68653,1.23716
1.64489,1.26396
1.59766,1.23917
1.64362,1.14864
1.60337,1.24913
1.72206,1.22742
1.64489,1.26396
1.64203,1.20357
1.65272,1.29714
1.58544,1.2782
1.66288,1.26789
1.62372,1.32006
1.66643,1.26013
1.73048,1.18143
1.62609,1.31521
1.57316,1.28882
1.52653,1.32275
1.64345,1.30394
1.71467,1.18621
1.58845,1.25955
1.42622,1.26403
1.69132,1.28786
1.68212,1.23092
1.64489,1.26396
1.74093,1.2279
1.63945,1.30521
1.652,1.18278
1.64794,1.29774
1.61026,1.30579
1.65668,1.26109
1.64489,1.26396
1.59243,1.22733
1.72494,1.19539
1.6571,1.22371
1.54941,1.25866
1.62609,1.31521
1.65591,1.29756
1.53121,1.291
1.61816,1.2834
1.5914,1.28851
1.63927,1.24635
1.82516,1.16872
1.75671,1.20141
1.64489,1.26396
1.64489,1.26396
1.62372,1.32006
1.64345,1.30394
1.61026,1.30579
1.70547,1.14379
1.61612,1.25975
1.61553,1.22752
1.652,1.18278
1.679,1.25567
1.68653,1.23716
1.66643,1.26013
1.61796,1.28799
1.65219,1.14255
1.82795,1.12494
1.64203,1.20357
1.65591,1.29756
1.64674,1.21622
1.6584,1.21836
1.6725,1.21977
1.77897,1.04565
1.69084,1.21599
1.61612,1.25975
1.64489,1.26396
1.7078,1.23751
1.6584,1.21836
1.54893,1.2495
1.65668,1.26109
1.62219,1.2452
1.66643,1.26013
1.54838,1.13927
1.70548,1.22544
1.64345,1.30394
1.60337,1.24913
1.63849,1.27419
1.6484,1.19344
1.47665,1.22619
1.59746,1.23735
1.65088,1.21922
1.58499,1.28486
1.63373,1.26745
1.64489,1.26396
1.70361,1.17349
1.4286,1.29721
1.65091,1.20812
1.56769,1.30781
1.67086,1.24215
1.5756,1.30567
1.67697,1.21538
1.5801,1.2543
1.71216,1.18503
1.64489,1.26396
1.82885,1.19004
1.58432,1.2945
1.66288,1.26789
1.67652,1.13546
1.66624,1.21283
1.56339,1.2352
1.70407,1.26207
1.6584,1.21836
1.66624,1.21283
1.80978,1.09935
1.63927,1.24635
1.65676,1.23989
1.50105,1.17579
1.69132,1.28786
1.66963,1.20994
1.68785,1.25261
1.65668,1.26109
1.70548,1.22544
1.66643,1.26013
1.63849,1.27419
1.69777,1.24361
1.66387,1.16273
1.7012,1.26054
1.68176,1.20878
1.60872,1.26235
1.70419,1.24294
1.68785,1.25261
1.65088,1.21922
1.64489,1.26396
1.65484,1.2116
1.66624,1.21283
1.66936,1.18145
1.7892,1.11971
1.63927,1.24635
1.70788,1.19778
1.61026,1.30579
1.64674,1.21622
1.7706,1.18571
1.62372,1.32006
1.67886,1.19792
1.5914,1.28851
1.63849,1.27419
1.60611,1.24344
1.6584,1.21836
1.61612,1.25975
1.51655,1.29238
1.57968,1.23818
1.76279,1.12516
1.65532,1.2598
1.57712,1.29465
1.7012,1.26054
1.66643,1.26013
1.69299,1.18473
1.68776,1.23206
1.69079,1.21062
1.75671,1.20141
1.61936,1.2449
1.65266,1.23185
1.64489,1.26396
1.76286,1.14516
1.67571,1.27814
1.59958,1.2143
1.6571,1.22371
1.4429,1.29811
1.62609,1.31521
1.59683,1.2732
1.55068,1.24673
1.61895,1.27975
1.61612,1.25975
1.71712,1.13501
1.57316,1.28882
1.59592,1.31753
1.65668,1.26109
1.60923,1.26816
1.57968,1.23818
1.73152,1.19631
1.54759,1.16554
1.66864,1.18769
1.583,1.21266
1.65591,1.29756
1.50131,1.29872
1.65996,1.22051
1.64489,1.26396
1.66643,1.26013
1.66643,1.26013
1.61816,1.2834
1.652,1.18278
1.63139,1.23713
1.62372,1.32006
1.75589,1.20514
1.61612,1.25975
1.71216,1.18503
1.65591,1.29756
1.62372,1.32006
1.69299,1.18473
1.64203,1.20357
1.67886,1.19792
1.90618,1.08475
1.77597,1.13021
1.61612,1.25975
1.6584,1.21836
1.7706,1.18571
1.62219,1.2452
1.70236,1.21728
1.60872,1.26235
1.679,1.25567
1.66643,1.26013
1.6028,1.26619
1.6584,1.21836
1.59766,1.23917
1.48948,1.26897
1.54759,1.16554
1.67571,1.27814
1.59958,1.2143
1.61612,1.25975
1.69384,1.24733
1.60611,1.24344
1.62609,1.31521
1.61026,1.30579
1.583,1.21266
1.62609,1.31521
1.48145,1.32001
1.65591,1.29756
1.60337,1.24913
1.61614,1.3022
1.59683,1.2732
1.6535,1.17612
1.51486,1.23835
1.62686,1.22033
1.69132,1.28786
1.71588,1.22789
1.49901,1.25411
1.64489,1.26396
1.6216,1.21527
1.66643,1.26013
1.61816,1.2834
1.67571,1.27814
1.6757,1.19603
1.68212,1.23092
1.43889,1.29115
1.71163,1.1701
1.61059,1.23558
1.5856,1.21142
1.62219,1.2452
1.6484,1.19344
1.64489,1.26396
1.68878,1.16417
1.607,1.24111
1.64489,1.26396
1.66643,1.26013
1.61612,1.25975
1.6463,1.18627
1.58432,1.2945
1.67571,1.27814
1.69132,1.28786
1.58979,1.26703
1.59746,1.23735
1.59243,1.22733
1.68212,1.23092
1.65668,1.26109
1.70236,1.21728
1.61612,1.25975
1.62219,1.2452
1.67237,1.22155
1.66643,1.26013
1.81517,1.1348
1.66624,1.21283
1.61378,1.31364
1.69132,1.28786
1.63849,1.27419
1.64489,1.26396
1.56875,1.22021
1.60974,1.32086
1.74862,1.20381
1.63927,1.24635
1.64794,1.29774
1.64489,1.26396
1.58845,1.25955
1.60998,1.22446
1.62372,1.32006
1.50994,1.24297
1.61796,1.28799
1.66624,1.21283
1.60728,1.2313
1.78555,1.18908
1.58441,1.33657
1.66643,1.26013
1.71588,1.22789
1.65088,1.21922
1.64835,1.23513
1.6584,1.21836
1.57289,1.18901
1.63337,1.21297
1.60169,1.21667
1.73048,1.18143
1.5692,1.25533
1.70268,1.19385
1.59622,1.17938
1.77465,1.1347
1.68785,1.25261
1.51207,1.32465
1.60127,1.19366
1.70236,1.21728
1.68062,1.18203
1.67571,1.27814
1.61786,1.34335
1.65668,1.26109
1.6757,1.19603
1.66643,1.26013
1.46569,1.34692
1.54941,1.25866
1.55242,1.23674
1.69299,1.18473
1.66643,1.26013
1.80519,1.1501
1.80552,1.0334
1.67897,1.10849
1.584,1.25265
1.64947,1.20024
1.62219,1.2452
1.67571,1.27814
1.56268,1.27466
1.64489,1.26396
1.70441,1.09249
1.69053,1.20055
1.7355,1.19046
1.61553,1.22752
1.61612,1.25975
1.58499,1.28486
1.71163,1.1701
1.65088,1.21922
1.67571,1.27814
1.70788,1.19778
1.63139,1.23713
1.51939,1.28248
1.66864,1.18769
1.62598,1.25953
1.64362,1.14864
1.5856,1.21142
1.66643,1.26013
1.70236,1.21728
1.71289,1.21641
1.55195,1.3069
1.65088,1.21922
1.6584,1.21836
1.69132,1.28786
1.7012,1.26054
1.64489,1.26396
1.57618,1.21348
1.64489,1.26396
1.67571,1.27814
1.66288,1.26789
1.62372,1.32006
1.61612,1.25975
1.4909,1.2684
1.51939,1.28248
1.61553,1.22752
1.69299,1.18473
1.73715,1.13189
1.79609,1.1923
1.67571,1.27814
1.6028,1.26619
1.62372,1.32006
1.5801,1.2543
1.72736,1.1403
1.64489,1.26396
1.65668,1.26109
1.64489,1.26396
1.60611,1.24344
1.68697,1.20255
1.68212,1.23092
1.69299,1.18473
1.66211,1.25024
1.67037,1.22035
1.64489,1.26396
1.55678,1.33546
1.63849,1.27419
1.59243,1.22733
1.59766,1.23917
1.69384,1.24733
1.64489,1.26396
1.79023,1.18716
1.49901,1.25411
1.64489,1.26396
1.54839,1.26642
1.64489,1.26396
1.67086,1.24215
1.60728,1.2313
1.61869,1.31056
1.57642,1.27813
1.53908,1.24792
1.54002,1.20916
1.79023,1.18716
1.64674,1.21622
1.64345,1.30394
1.6571,1.22371
1.60337,1.24913
1.58441,1.33657
1.64489,1.26396
1.7078,1.23751
1.56339,1.2352
1.58499,1.28486
1.6216,1.21527
1.61026,1.30579
1.67571,1.27814
1.61612,1.25975
1.74109,1.17219
1.57316,1.28882
1.68785,1.25261
1.64489,1.26396
1.61796,1.28799
1.63927,1.24635
1.67237,1.22155
1.66156,1.15183
1.68785,1.25261
1.65266,1.23185
1.65668,1.26109
1.64997,1.19752
1.63849,1.27419
1.66643,1.26013
1.53908,1.24792
1.61017,1.2625
1.63927,1.24635
1.67571,1.27814
1.59243,1.22733
1.56831,1.2901
1.57618,1.21348
1.70441,1.09249
1.6136,1.28113
1.69972,1.15278
1.64345,1.30394
1.63849,1.27419
1.61378,1.31364
1.66643,1.26013
1.75249,1.22038
1.54616,1.28125
1.56268,1.27466
1.68785,1.25261
1.64853,1.21409
1.65996,1.22051
1.61378,1.31364
1.65325,1.26523
1.63162,1.25917
1.64459,1.19522
1.70407,1.26207
1.68653,1.23716
1.62755,1.18974
1.68653,1.23716
1.61614,1.3022
1.64794,1.29774
1.66643,1.26013
1.66288,1.26789
1.62609,1.31521
1.63596,1.21204
1.55978,1.2101
1.65088,1.21922
1.62219,1.2452
1.5692,1.25533
1.64794,1.29774
1.59201,1.23607
1.62609,1.31521
1.69132,1.28786
1.61612,1.25975
1.7012,1.26054
1.55558,1.32547
1.70383,1.22022
1.75589,1.20514
1.46569,1.34692
1.49901,1.25411
1.65272,1.29714
1.65266,1.23185
1.67571,1.27814
1.61936,1.2449
1.65532,1.2598
1.62219,1.2452
1.60822,1.27468
1.68785,1.25261
1.72352,1.20343
1.70268,1.19385
1.58432,1.2945
1.607,1.24111
1.62609,1.31521
1.61816,1.2834
1.65539,1.13141
1.74862,1.20381
1.6584,1.21836
1.64489,1.26396
1.60974,1.32086
1.70407,1.26207
1.59766,1.23917
1.74109,1.17219
1.64345,1.30394
1.64489,1.26396
1.66624,1.21283
1.5995,1.21212
1.51973,1.27682
1.58192,1.26228
1.64345,1.30394
1.61816,1.2834
1.66643,1.26013
1.69132,1.28786
1.69384,1.24733
1.66643,1.26013
1.61895,1.27975
1.60804,1.20959
1.64489,1.26396
1.54352,1.19906
1.61816,1.2834
1.56875,1.22021
1.66643,1.26013
1.66643,1.26013
1.61816,1.2834
1.55821,1.26828
1.72206,1.22742
1.62222,1.20194
1.56268,1.27466
1.69132,1.28786
1.61796,1.28799
1.66288,1.26789
1.61026,1.30579
1.63927,1.24635
1.70548,1.22544
1.64345,1.30394
1.65591,1.29756
1.67571,1.27814
1.6584,1.21836
1.6136,1.28113
1.61895,1.27975
1.59201,1.23607
1.5914,1.28851
1.61816,1.2834
1.68944,1.15191
1.61612,1.25975
1.68355,1.25669
1.62219,1.2452
1.63849,1.27419
1.69567,1.17016
1.70684,1.16382
1.65668,1.26109
1.67697,1.21538
1.65484,1.2116
1.74029,1.14599
1.61612,1.25975
1.64489,1.26396
1.63337,1.21297
1.6136,1.28113
1.70407,1.26207
1.61895,1.27975
1.55242,1.23674
1.62609,1.31521
1.65996,1.22051
1.45913,1.24465
1.64489,1.26396
1.69132,1.28786
1.64489,1.26396
1.50994,1.24297
1.61816,1.2834
1.58979,1.26703
1.58192,1.26228
1.75589,1.20514
1.71516,1.10968
1.61895,1.27975
1.56242,1.31662
1.4982,1.22997
1.66156,1.15183
1.61614,1.3022
1.72736,1.1403
1.64489,1.26396
1.55821,1.26828
1.68785,1.25261
1.61612,1.25975
1.72509,1.11696
1.68653,1.23716
1.5348,1.2381
1.65462,1.16324
1.64489,1.26396
1.5692,1.25533
1.66643,1.26013
1.68333,1.18521
1.63118,1.21708
1.68653,1.23716
1.54254,1.27162
1.54553,1.26103
1.64794,1.29774
1.65668,1.26109
1.60337,1.24913
1.65596,1.26211
1.62219,1.2452
1.61614,1.3022
1.60008,1.23438
1.67984,1.1573
1.66288,1.26789
1.60337,1.24913
1.64345,1.30394
1.60169,1.21667
1.50261,1.35833
1.58499,1.28486
1.58499,1.28486
1.67571,1.27814
1.54553,1.26103
1.45741,1.30227
1.68785,1.25261
1.6484,1.19344
1.59746,1.23735
1.64489,1.26396
1.5348,1.2381
1.71826,1.1726
1.68212,1.23092
1.66643,1.26013
1.51492,1.22803
1.61796,1.28799
1.64489,1.26396
1.64489,1.26396
1.66643,1.26013
1.86367,1.13065
1.62686,1.22033
1.65591,1.29756
1.69299,1.18473
1.37735,1.29834
1.56242,1.31662
1.58979,1.26703
1.6571,1.22371
1.75636,1.12946
1.64674,1.21622
1.652,1.18278
1.72736,1.1403
1.65266,1.19344
1.58979,1.26703
1.61869,1.31056
1.61612,1.25975
1.62372,1.32006
1.65591,1.29756
1.65532,1.2598
1.64489,1.26396
1.69132,1.28786
1.65539,1.13141
1.60337,1.24913
1.64489,1.26396
1.69384,1.24733
1.61869,1.31056
1.66624,1.21283
1.68176,1.20878
1.60622,1.26358
1.63945,1.30521
1.69132,1.28786
1.7353,1.1147
1.87163,1.08975
1.5537,1.25325
1.59999,1.21968
1.6484,1.19344
1.55068,1.24673
1.66156,1.15183
1.63373,1.26745
1.55678,1.33546
1.64345,1.30394
1.66288,1.26789
1.50043,1.28646
1.64489,1.26396
1.61614,1.3022
1.57059,1.31752
1.67571,1.27814
1.69132,1.28786
1.78206,1.18974
1.56766,1.31983
1.58499,1.28486
1.57968,1.23818
1.60611,1.24344
1.64489,1.26396
1.66288,1.26789
1.55195,1.3069
1.61612,1.25975
1.65266,1.23185
1.71596,1.13173
1.68249,1.19525
1.66624,1.21283
1.61895,1.27975
1.64674,1.21622
1.68785,1.25261
1.61895,1.27975
1.82908,1.18508
1.56078,1.25645
1.68697,1.20255
1.58432,1.2945
1.62609,1.31521
1.64489,1.26396
1.62321,1.26154
1.79063,1.16398
1.68176,1.20878
1.61796,1.28799
1.68653,1.23716
1.61419,1.19538
1.5914,1.28851
1.65266,1.23185
1.55068,1.24673
1.57059,1.31752
1.62222,1.20194
1.69147,1.20736
1.61668,1.21427
1.61796,1.28799
1.55242,1.23674
1.68653,1.23716
1.54799,1.20584
1.61816,1.2834
1.71467,1.18621
1.54941,1.25866
1.58441,1.33657
1.75496,1.31302
1.5995,1.21212
1.63139,1.23713
1.66643,1.26013
1.71957,1.18044
1.6136,1.28113
1.67886,1.19792
1.5756,1.30567
1.61786,1.34335
1.54002,1.20916
1.69502,1.16713
1.52499,1.28309
1.60577,1.26247
1.65325,1.26523
1.6028,1.26619
1.61796,1.28799
1.74862,1.20381
1.64489,1.26396
1.68212,1.23092
1.65996,1.22051
1.66936,1.18145
1.71216,1.18503
1.61816,1.2834
1.64489,1.26396
1.58979,1.26703
1.46617,1.3241
1.67344,1.21631
1.77054,1.24638
1.64489,1.26396
1.65272,1.29714
1.65532,1.2598
1.64489,1.26396
1.60622,1.26358
1.71516,1.10968
1.56875,1.22021
1.62372,1.32006
1.54941,1.25866
1.65668,1.26109
1.62222,1.20194
1.67037,1.22035
1.58979,1.26703
1.7355,1.19046
1.78526,1.11497
1.64459,1.19522
1.60337,1.24913
1.68212,1.23092
1.6584,1.21836
1.7706,1.18571
1.68062,1.18203
1.80228,1.16251
1.6136,1.28113
1.70268,1.19385
1.65266,1.23185
1.69927,1.16591
1.66624,1.21283
1.72156,1.19292
1.69132,1.28786
1.71289,1.21641
1.57968,1.23818
1.60029,1.29852
1.70407,1.26207
1.6484,1.19344
1.68176,1.20878
1.62222,1.20194
1.65668,1.26109
1.80499,1.16284
1.62219,1.2452
1.61605,1.24135
1.63927,1.24635
1.63927,1.24635
1.50994,1.24297
1.64489,1.26396
1.71826,1.1726
1.59243,1.22733
1.52392,1.288
1.5537,1.25325
1.65532,1.2598
1.76232,1.20552
1.73443,1.06709
1.64459,1.19522
1.70547,1.14379
1.67984,1.1573
1.64345,1.30394
1.60604,1.26346
1.61605,1.24135
1.68062,1.18203
1.54616,1.28125
1.64674,1.21622
1.52392,1.288
1.64794,1.29774
1.64345,1.30394
1.56339,1.2352
1.71746,1.1507
1.66288,1.26789
1.70361,1.17349
1.57932,1.21518
1.60029,1.29852
1.61614,1.3022
1.60169,1.21667
1.61614,1.3022
1.64757,1.201
1.7507,1.1474
1.68176,1.20878
1.62219,1.2452
1.75257,1.0908
1.66963,1.20994
1.43065,1.31944
1.58499,1.28486
1.56339,1.2352
1.64835,1.23513
1.74657,1.15229
1.53735,1.22745
1.64459,1.19522
1.56339,1.2352
1.4982,1.22997
1.58293,1.18456
1.65532,1.2598
1.69132,1.28786
1.64489,1.26396
1.51492,1.22803
1.65532,1.2598
1.58432,1.2945
1.78778,1.16177
1.61786,1.34335
1.63927,1.24635
1.65088,1.21922
1.68653,1.23716
1.61869,1.31056
1.65532,1.2598
1.53889,1.22658
1.51655,1.29238
1.6028,1.26619
1.68062,1.18203
1.69132,1.28786
1.68785,1.25261
1.72206,1.22742
1.679,1.25567
1.60822,1.27468
1.69147,1.20736
1.66211,1.25024
1.64459,1.19522
1.679,1.25567
1.67571,1.27814
1.5692,1.25533
1.61816,1.2834
1.62488,1.18518
1.6136,1.28113
1.64794,1.29774
1.64345,1.30394
1.56242,1.31662
1.56531,1.28361
1.61796,1.28799
1.54759,1.16554
1.60577,1.26247
1.64345,1.30394
1.66643,1.26013
1.58432,1.2945
1.59746,1.23735
1.67571,1.27814
1.62219,1.2452
1.69132,1.28786
1.64489,1.26396
1.66643,1.26013
1.6484,1.19344
1.60337,1.24913
1.66624,1.21283
1.61017,1.2625
1.70407,1.26207
1.60671,1.25693
1.66643,1.26013
1.69777,1.24361
1.63927,1.24635
1.65668,1.26109
1.66643,1.26013
1.60822,1.27468
1.81264,1.12418
1.69764,1.20195
1.59746,1.23735
1.61312,1.25622
1.80228,1.16251
1.61936,1.2449
1.50261,1.35833
1.61816,1.2834
1.62219,1.2452
1.62609,1.31521
1.72206,1.22742
1.56831,1.2901
1.53608,1.25486
1.65668,1.26109
1.55558,1.32547
1.69132,1.28786
*
0.91164,3.20253
1.07554,3.11286
1.04094,3.20038
0.991402,3.0488
1.12478,3.03699
0.948591,3.06108
1.05846,3.13536
0.991662,3.13196
1.05705,3.24139
0.980505,3.12869
1.06935,3.24597
0.980505,3.12869
1.01594,3.17196
1.04099,3.12139
1.15243,3.12818
1.08528,3.06007
1.04099,3.12139
1.04099,3.12139
1.04066,3.10125
0.945733,3.21163
1.03927,3.0404
1.05846,3.13536
1.03735,3.18641
1.14543,3.18592
0.881584,2.9882
0.948591,3.06108
0.991971,3.18584
1.05846,3.13536
0.987022,3.10231
0.985984,3.24925
1.13595,3.29374
0.987022,3.10231
0.987022,3.10231
1.12478,3.03699
0.969748,3.14577
0.898588,3.16889
1.03563,3.03396
1.04749,3.30274
1.09572,3.25071
1.03563,3.03396
1.05846,3.13536
1.14988,3.07652
0.934637,3.1402
1.05846,3.13536
1.03735,3.18641
1.03927,3.0404
0.987022,3.10231
0.899046,3.18669
0.930656,3.18923
1.01594,3.17196
0.995663,3.27577
0.974708,3.08832
1.04845,3.17151
0.987022,3.10231
0.905085,3.04054
0.945733,3.21163
0.959398,3.10141
0.805504,3.27925
0.991402,3.0488
1.02973,3.02551
0.991402,3.0488
1.05036,3.11274
0.934637,3.1402
0.80858,3.08722
1.10268,3.19812
0.905085,3.04054
1.11885,3.12132
1.11885,3.12132
0.840571,3.09413
0.991402,3.0488
1.21073,3.14902
1.05036,3.11274
0.991402,3.0488
0.848176,3.28688
1.07554,3.11286
0.936269,2.95856
1.05846,3.13536
1.01363,3.1853
0.8321,3.13923
1.13595,3.29374
1.04073,3.23803
0.790098,3.15056
1.09572,3.25071
0.797567,3.20023
0.900362,3.17004
1.10147,3.10968
0.873808,3.04578
0.77715,3.12336
1.02047,3.15391
1.18526,3.19494
1.04099,3.12139
0.941065,3.12448
1.05846,3.13536
1.10147,3.10968
1.13427,3.19396
1.03563,3.03396
1.04066,3.10125
0.949951,3.2935
0.851399,3.11562
1.10147,3.10968
0.991662,3.13196
1.12478,3.03699
0.80858,3.08722
1.06935,3.24597
1.02565,3.19231
1.02112,3.1346
1.01154,3.17182
1.03045,3.04754
0.987022,3.10231
1.08528,3.06007
1.105,3.03779
1.01363,3.1853
1.03492,3.25978
1.05846,3.13536
1.06935,3.24597
1.12316,3.1241
0.904721,3.14388
1.02112,3.1346
1.01221,3.01638
0.991402,3.0488
0.96318,3.15929
1.02112,3.1346
0.9413,3.07418
0.842786,3.16001
1.10967,3.27042
1.05846,3.13536
1.04099,3.12139
1.02112,3.1346
0.900719,3.1768
0.991971,3.18584
0.951332,3.05771
1.03817,3.13802
0.964104,3.17477
1.05846,3.13536
1.01516,3.17226
0.651601,3.06721
0.987022,3.10231
1.07554,3.11286
0.991662,3.13196
0.987022,3.10231
0.991971,3.18584
1.04099,3.12139
1.02112,3.1346
0.980505,3.12869
1.06728,3.05969
0.882134,3.17341
0.987022,3.10231
0.989208,3.15416
0.905401,3.0643
0.991971,3.18584
1.01221,3.01638
1.03817,3.13802
1.03817,3.13802
1.01363,3.1853
1.09811,3.19006
1.05846,3.13536
1.07396,2.96323
0.824999,3.1951
1.05846,3.13536
1.05846,3.13536
0.964104,3.17477
0.94355,3.12251
0.903057,3.16643
0.851399,3.11562
1.01363,3.1853
0.80651,3.09441
1.04066,3.10125
1.07554,3.11286
1.05036,3.11274
1.01363,3.1853
1.04094,3.20038
1.04845,3.17151
1.12316,3.1241
1.05845,3.18127
1.08528,3.06007
1.05846,3.13536
1.05846,3.13536
1.07554,3.11286
0.869287,3.16053
0.991402,3.0488
1.11885,3.12132
1.04697,3.22921
0.842786,3.16001
0.882134,3.17341
1.05846,3.13536
1.16635,3.03191
1.04504,3.2247
0.920673,3.15464
1.07554,3.11286
0.632509,3.13526
1.02973,3.02551
1.02565,3.19231
1.09737,3.3298
0.839267,3.0039
1.05846,3.13536
0.920673,3.15464
1.10147,3.10968
0.856337,3.12921
0.973161,3.21111
1.03735,3.18641
1.09811,3.19006
1.04099,3.12139
0.945733,3.21163
1.49796,3.15579
0.818372,3.20517
0.85047,3.23605
1.12316,3.1241
1.09572,3.25071
1.08528,3.06007
1.05846,3.13536
0.942262,3.30341
1.08528,3.06007
0.987022,3.10231
0.861787,3.25216
0.980608,3.11618
0.920322,3.07328
1.07554,3.11286
0.972112,3.11263
0.877139,3.05522
0.7711,3.03548
0.888956,3.16476
1.02819,3.18536
0.951332,3.05771
1.05846,3.13536
1.23226,3.31767
0.980505,3.12869
0.810623,3.2803
0.987022,3.10231
0.991971,3.18584
1.07554,3.11286
0.974708,3.08832
1.12316,3.1241
0.929023,3.21337
0.991254,3.05963
1.02112,3.1346
1.14988,3.07652
1.05846,3.13536
0.856315,3.10202
1.04099,3.12139
1.07554,3.11286
1.04504,3.2247
0.901898,2.98688
0.979463,3.187
0.563631,3.02617
1.07554,3.11286
1.11953,2.90714
1.03045,3.04754
1.05845,3.18127
1.05846,3.13536
0.897694,3.14677
0.905401,3.0643
1.12848,3.26854
0.773195,2.99393
0.900719,3.1768
1.05846,3.13536
0.988526,3.09927
0.804411,3.14991
0.737716,3.07972
1.07554,3.11286
1.04094,3.20038
0.965377,3.2873
0.951332,3.05771
1.02112,3.1346
1.06436,3.0313
1.05845,3.18127
1.04099,3.12139
1.04099,3.12139
0.950642,3.14962
0.897411,3.21482
1.05846,3.13536
1.05846,3.13536
1.04099,3.12139
1.04094,3.20038
1.2602,3.09733
0.895441,3.17047
0.991662,3.13196
1.12316,3.1241
0.921346,3.16161
1.14988,3.07652
0.964104,3.17477
1.05846,3.13536
1.11725,3.23558
0.991662,3.13196
0.918642,3.2911
1.04099,3.12139
1.02565,3.19231
1.00316,3.12882
0.991402,3.0488
1.12478,3.03699
1.07554,3.11286
0.904721,3.14388
1.04099,3.12139
1.03045,3.04754
0.773627,3.18102
1.07554,3.11286
1.03817,3.13802
1.03817,3.13802
0.888956,3.16476
1.06728,3.05969
0.978349,3.15845
1.06699,3.25664
1.04099,3.12139
1.03727,3.19748
0.980816,3.25404
1.04099,3.12139
1.05846,3.13536
1.03735,3.18641
1.04099,3.12139
0.991402,3.0488
0.934637,3.1402
0.926391,3.12252
1.12838,2.95025
1.01594,3.17196
1.05846,3.13536
1.01516,3.17226
1.04099,3.12139
0.883773,3.13823
1.03563,3.03396
1.05846,3.13536
1.11885,3.12132
1.07554,3.11286
1.01175,3.23849
1.04504,3.2247
1.04099,3.12139
1.02819,3.18536
1.04099,3.12139
0.949951,3.2935
1.05846,3.13536
0.941065,3.12448
0.973161,3.21111
0.973161,3.21111
0.987022,3.10231
0.783786,3.1068
1.05846,3.13536
1.03492,3.25978
1.07554,3.11286
0.898221,3.18149
0.941932,3.10082
1.32162,3.21725
1.08528,3.06007
1.04099,3.12139
1.05846,3.13536
1.02112,3.1346
1.04094,3.20038
1.03045,3.04754
1.05846,3.13536
1.02112,3.1346
1.05036,3.11274
1.03735,3.18641
0.96318,3.15929
1.02565,3.19231
1.10147,3.10968
1.00119,3.20647
1.04099,3.12139
0.945726,3.26429
0.980608,3.11618
1.05846,3.13536
0.863443,3.17943
1.07554,3.11286
1.10967,3.27042
0.798269,3.03678
1.05845,3.18127
1.11678,3.27474
1.02565,3.19231
1.04099,3.12139
0.96318,3.15929
0.967622,3.29603
1.02973,3.02551
0.982941,3.06885
0.88911,3.17569
1.03927,3.0404
0.950642,3.14962
0.978559,2.98101
1.02973,3.02551
1.01221,3.01638
1.1075,3.0733
1.01154,3.17182
1.02819,3.18536
1.05845,3.18127
1.07554,3.11286
1.04099,3.12139
1.10147,3.10968
0.917626,3.13657
0.888956,3.16476
1.04099,3.12139
0.978349,3.15845
0.979463,3.187
0.900719,3.1768
0.856337,3.12921
0.991254,3.05963
0.982941,3.06885
1.04298,3.23075
1.04099,3.12139
1.05846,3.13536
0.949667,3.20114
1.06728,3.05969
0.817048,2.98082
1.12368,3.23194
0.967622,3.29603
0.980505,3.12869
0.980505,3.12869
0.782103,3.08555
0.979463,3.187
0.978349,3.15845
0.934637,3.1402
0.904239,3.1163
1.03735,3.18641
1.01363,3.1853
1.01363,3.1853
1.07554,3.11286
0.921346,3.16161
1.02973,3.02551
1.11953,2.90714
1.04066,3.10125
1.02018,3.18905
1.06935,3.24597
0.712594,3.03786
0.867667,3.04134
0.94355,3.12251
1.03045,3.04754
1.05846,3.13536
0.985984,3.24925
1.05846,3.13536
1.06276,3.21445
0.948591,3.06108
0.974708,3.08832
1.01221,3.01638
1.05845,3.18127
1.05846,3.13536
1.30257,3.35319
1.02819,3.18536
0.963581,3.17492
0.963581,3.17492
1.05705,3.24139
0.929023,3.21337
1.05846,3.13536
0.872867,3.18607
1.1087,3.35339
0.978051,3.24976
0.909675,3.18311
1.01516,3.17226
1.02112,3.1346
0.987022,3.10231
1.14543,3.18592
0.991254,3.05963
0.818551,3.05534
0.948415,3.05189
0.872191,3.19115
1.03309,2.93837
0.872867,3.18607
1.2602,3.09733
1.14543,3.18592
0.83033,2.94453
1.03817,3.13802
0.959398,3.10141
1.04407,3.27183
1.03927,3.0404
1.02517,3.27312
1.05846,3.13536
1.22938,3.21065
1.07554,3.11286
1.05705,3.24139
1.01221,3.01638
1.08528,3.06007
1.01516,3.17226
0.963581,3.17492
0.817539,3.15619
0.974708,3.08832
0.974708,3.08832
1.04094,3.20038
1.04099,3.12139
0.760225,3.00107
0.945726,3.26429
0.993707,3.29457
1.04099,3.12139
1.1075,3.0733
1.03817,3.13802
0.949667,3.20114
1.03727,3.19748
1.08528,3.06007
1.10147,3.10968
1.04845,3.17151
1.04099,3.12139
1.14543,3.18592
0.988526,3.09927
0.950642,3.14962
0.987022,3.10231
1.03563,3.03396
0.987022,3.10231
1.01503,3.27332
1.03735,3.18641
1.02112,3.1346
1.08528,3.06007
1.07554,3.11286
1.01384,2.91226
1.02112,3.1346
0.998418,3.1982
1.10147,3.10968
0.991662,3.13196
0.949667,3.20114
1.07554,3.11286
1.12478,3.03699
0.998418,3.1982
1.35215,3.3026
1.01363,3.1853
1.06032,3.32756
1.01154,3.17182
1.11725,3.23558
0.951332,3.05771
0.993569,3.31243
0.991402,3.0488
1.16236,3.19934
1.02973,3.02551
1.0999,3.25978
1.05036,3.11274
1.10147,3.10968
0.917626,3.13657
1.05846,3.13536
1.06699,3.25664
0.814472,3.10045
1.07554,3.11286
1.0071,3.05646
1.05846,3.13536
1.02565,3.19231
1.01516,3.17226
1.04099,3.12139
0.984542,3.18992
1.09811,3.19006
0.858506,3.15578
0.983735,2.99141
1.07554,3.11286
0.849705,3.02315
1.02112,3.1346
1.01363,3.1853
0.941065,3.12448
0.959398,3.10141
0.894825,3.278
1.06728,3.05969
1.105,3.03779
0.867667,3.04134
1.01516,3.17226
1.05846,3.13536
0.85047,3.23605
1.03227,3.28854
1.04099,3.12139
1.11885,3.12132
0.900362,3.17004
1.05845,3.18127
0.936269,2.95856
0.883773,3.13823
0.991254,3.05963
1.02112,3.1346
1.04099,3.12139
0.978559,2.98101
1.1075,3.0733
1.05846,3.13536
1.105,3.03779
1.07554,3.11286
1.05846,3.13536
1.04099,3.12139
1.04099,3.12139
1.02112,3.1346
1.10147,3.10968
0.995663,3.27577
0.978559,2.98101
1.03563,3.03396
0.958099,3.16899
1.02018,3.18905
1.02112,3.1346
1.10147,3.10968
1.03735,3.18641
1.02973,3.02551
1.11885,3.12132
1.02112,3.1346
1.04439,3.26241
1.03045,3.04754
1.01594,3.17196
1.01175,3.23849
0.989622,3.21261
1.06436,3.0313
1.07554,3.11286
1.02973,3.02551
1.05846,3.13536
0.867667,3.04134
0.967622,3.29603
1.17062,3.0877
1.05846,3.13536
1.07554,3.11286
1.05845,3.18127
0.951332,3.05771
1.04099,3.12139
0.948591,3.06108
0.991662,3.13196
1.04099,3.12139
0.953634,3.20368
0.904239,3.1163
0.831479,3.13878
1.1075,3.0733
0.956069,3.08747
1.06728,3.05969
1.06728,3.05969
1.03045,3.04754
1.05846,3.13536
1.105,3.03779
1.04099,3.12139
1.07554,3.11286
1.05846,3.13536
0.923468,2.93244
0.856337,3.12921
1.04099,3.12139
1.04094,3.20038
0.967085,3.0236
1.05846,3.13536
0.973161,3.21111
1.07554,3.11286
0.509451,2.94632
0.773988,3.29537
1.03045,3.04754
1.08528,3.06007
0.989208,3.15416
1.12478,3.03699
0.991662,3.13196
0.956069,3.08747
1.02112,3.1346
1.02112,3.1346
1.04099,3.12139
0.991971,3.18584
0.993569,3.31243
1.04099,3.12139
1.08528,3.06007
0.973161,3.21111
1.04099,3.12139
1.12838,2.95025
1.03045,3.04754
1.24703,3.06977
0.941065,3.12448
1.03927,3.0404
1.00119,3.20647
1.04099,3.12139
1.04099,3.12139
0.991662,3.13196
0.933011,3.17236
1.03563,3.03396
1.10147,3.10968
0.996275,3.30338
1.05846,3.13536
0.96318,3.15929
1.01363,3.1853
1.04094,3.20038
0.987022,3.10231
0.973161,3.21111
1.01516,3.17226
1.10147,3.10968
1.1075,3.0733
1.02112,3.1346
0.998418,3.1982
1.06728,3.05969
0.991662,3.13196
0.936684,3.31916
1.05846,3.13536
0.951332,3.05771
1.1544,3.27827
0.814472,3.10045
1.06276,3.21445
1.05846,3.13536
0.817048,2.98082
0.905127,3.23343
0.842786,3.16001
0.956069,3.08747
1.01154,3.17182
0.948415,3.05189
0.958099,3.16899
1.05846,3.13536
1.03492,3.25978
1.14543,3.18592
0.987022,3.10231
0.818372,3.20517
0.933011,3.17236
1.24703,3.06977
1.02819,3.18536
0.877139,3.05522
1.12848,3.26854
0.950642,3.14962
1.09737,3.3298
1.03817,3.13802
1.06728,3.05969
0.987022,3.10231
1.03563,3.03396
1.07554,3.11286
1.05846,3.13536
1.03563,3.03396
1.03735,3.18641
0.950642,3.14962
1.14988,3.07652
1.05705,3.24139
1.21073,3.14902
1.10147,3.10968
0.794894,3.11182
0.967085,3.0236
0.667747,3.15996
1.07379,3.33687
0.991971,3.18584
1.05846,3.13536
1.05036,3.11274
0.869287,3.16053
1.12478,3.03699
1.04099,3.12139
1.05846,3.13536
0.863647,3.07645
1.12368,3.23194
1.03735,3.18641
0.855124,3.18544
0.964004,3.22944
1.09811,3.19006
0.888956,3.16476
1.12478,3.03699
0.980816,3.25404
0.987022,3.10231
1.03563,3.03396
0.958099,3.16899
0.873808,3.04578
1.04099,3.12139
1.04298,3.23075
1.08528,3.06007
0.980505,3.12869
0.972112,3.11263
1.04099,3.12139
1.03563,3.03396
1.10967,3.27042
1.01516,3.17226
0.969748,3.14577
1.01516,3.17226
0.97206,3.28008
1.06436,3.0313
0.945726,3.26429
0.941065,3.12448
0.783786,3.1068
1.03817,3.13802
0.992743,3.2694
1.24703,3.06977
1.04066,3.10125
1.03045,3.04754
1.04099,3.12139
1.02018,3.18905
1.12316,3.1241
1.01221,3.01638
1.12848,3.26854
1.04066,3.10125
0.988526,3.09927
0.991662,3.13196
0.951332,3.05771
0.963581,3.17492
1.05846,3.13536
1.04574,3.34313
0.897411,3.21482
1.05846,3.13536
1.01363,3.1853
0.991254,3.05963
1.03045,3.04754
0.967085,3.0236
1.05846,3.13536
0.904721,3.14388
1.04099,3.12139
0.930656,3.18923
1.05846,3.13536
1.05846,3.13536
0.987022,3.10231
1.03927,3.0404
1.1075,3.0733
1.07554,3.11286
1.04099,3.12139
1.04099,3.12139
0.959398,3.10141
1.02973,3.02551
1.04099,3.12139
1.01363,3.1853
1.32162,3.21725
1.07554,3.11286
0.934637,3.1402
0.956069,3.08747
1.01221,3.01638
0.989208,3.15416
1.05036,3.11274
0.96318,3.15929
1.105,3.03779
1.03597,3.3198
0.804411,3.14991
0.989208,3.15416
1.24703,3.06977
1.06728,3.05969
1.04099,3.12139
1.04099,3.12139
0.896238,3.23037
0.991971,3.18584
0.959398,3.10141
1.12368,3.23194
1.03817,3.13802
1.1075,3.0733
0.973161,3.21111
0.988526,3.09927
1.05884,3.32604
1.05846,3.13536
0.858506,3.15578
0.898221,3.18149
1.12838,2.95025
1.07554,3.11286
0.872867,3.18607
0.94355,3.12251
1.14543,3.18592
1.03817,3.13802
1.08528,3.06007
0.964104,3.17477
0.901898,2.98688
1.0999,3.25978
1.2602,3.09733
0.831479,3.13878
0.814472,3.10045
0.936269,2.95856
1.05846,3.13536
0.825513,3.18026
0.979463,3.187
1.03817,3.13802
0.90538,3.234
1.10147,3.10968
0.804278,2.94247
0.945733,3.21163
0.80858,3.08722
0.959398,3.10141
1.12316,3.1241
0.951332,3.05771
1.03735,3.18641
1.27008,3.26426
0.992743,3.2694
0.991402,3.0488
1.03817,3.13802
1.04099,3.12139
1.01363,3.1853
0.96318,3.15929
1.03563,3.03396
0.851399,3.11562
0.956069,3.08747
0.984542,3.18992
0.903057,3.16643
0.905085,3.04054
1.07554,3.11286
1.12874,3.10822
1.05846,3.13536
0.94355,3.12251
1.02565,3.19231
1.05846,3.13536
1.05845,3.18127
0.882134,3.17341
1.09811,3.19006
0.989208,3.15416
1.12316,3.1241
1.10147,3.10968
0.965377,3.2873
1.12478,3.03699
0.789501,3.07341
1.02973,3.02551
1.05846,3.13536
0.946781,3.26895
0.794894,3.11182
1.03735,3.18641
1.02018,3.18905
0.94355,3.12251
1.05846,3.13536
0.945733,3.21163
1.12838,2.95025
1.07554,3.11286
0.987022,3.10231
1.06935,3.24597
1.01221,3.01638
1.10147,3.10968
1.12316,3.1241
1.04298,3.23075
1.0999,3.25978
1.06728,3.05969
1.04094,3.20038
1.04099,3.12139
0.920673,3.15464
1.03227,3.28854
1.06276,3.21445
1.06436,3.0313
1.07554,3.11286
1.1075,3.0733
1.04094,3.20038
0.9413,3.07418
1.03727,3.19748
0.951332,3.05771
0.88217,3.02784
0.897411,3.21482
1.04099,3.12139
1.1544,3.27827
1.01221,3.01638
1.05846,3.13536
1.03309,3.20358
1.105,3.03779
0.988526,3.09927
1.105,3.03779
1.04099,3.12139
1.04099,3.12139
1.06728,3.05969
0.796559,3.02684
1.03563,3.03396
1.02973,3.02551
1.12316,3.1241
1.00067,3.27063
0.900362,3.17004
1.03563,3.03396
1.11953,2.90714
0.991402,3.0488
0.974708,3.08832
0.933011,3.17236
0.969748,3.14577
0.985984,3.24925
1.01516,3.17226
1.07554,3.11286
0.982446,2.95211
1.04099,3.12139
0.905401,3.0643
1.01516,3.17226
1.03045,3.04754
1.05846,3.13536
0.951332,3.05771
1.02973,3.02551
0.94355,3.12251
1.105,3.03779
0.979463,3.187
1.04099,3.12139
1.02565,3.19231
1.05846,3.13536
1.05845,3.18127
1.06133,3.35261
0.950642,3.14962
1.05846,3.13536
1.03817,3.13802
0.987022,3.10231
1.06436,3.0313
1.05846,3.13536
0.905127,3.23343
0.990079,2.99648
0.819272,3.09204
1.05846,3.13536
0.94355,3.12251
0.991971,3.18584
1.10967,3.27042
1.01154,3.17182
1.03927,3.0404
0.918642,3.2911
0.872191,3.19115
1.10268,3.19812
1.11885,3.12132
1.07554,3.11286
0.991402,3.0488
1.03727,3.19748
0.954872,3.29957
1.08528,3.06007
1.05846,3.13536
1.03927,3.0404
0.900362,3.17004
1.06436,3.0313
1.01221,3.01638
0.817048,2.98082
1.01221,3.01638
0.917626,3.13657
1.03045,3.04754
1.05846,3.13536
0.948591,3.06108
0.984542,3.18992
0.991662,3.13196
1.05846,3.13536
0.825513,3.18026
1.02112,3.1346
1.02112,3.1346
1.04094,3.20038
1.02112,3.1346
0.945726,3.26429
0.794477,3.11399
1.05705,3.24139
1.105,3.03779
1.05846,3.13536
1.01516,3.17226
1.05846,3.13536
1.05846,3.13536
1.01221,3.01638
1.07554,3.11286
1.03735,3.18641
1.03735,3.18641
1.05846,3.13536
0.927354,3.27363
0.882134,3.17341
1.04099,3.12139
0.991971,3.18584
0.978559,2.98101
1.10268,3.19812
1.05845,3.18127
1.06935,3.24597
0.926391,3.12252
0.93944,3.26136
*
-1.0395,3.21309
-0.864394,3.14027
-1.02694,3.27327
-1.00731,3.24221
-0.996298,3.20068
-0.947166,3.09109
-1.00731,3.24221
-0.979155,3.15565
-0.946959,3.20993
-0.967302,3.20327
-0.992643,3.1883
-1.09578,3.44559
-0.98745,3.16356
-0.992643,3.1883
-0.987485,3.24399
-1.01073,3.21763
-1.04388,3.08716
-1.03233,3.20086
-1.01073,3.21763
-0.992643,3.1883
-1.00831,3.27839
-1.00731,3.24221
-1.04388,3.08716
-0.979155,3.15565
-1.02678,3.18021
-0.994848,3.21477
-1.18707,3.02728
-0.979155,3.15565
-1.01073,3.21763
-0.945944,3.11136
-0.994848,3.21477
-0.910098,3.43773
-1.01073,3.21763
-1.05103,3.18995
-0.994848,3.21477
-1.04574,3.33812
-1.04716,3.37126
-1.04151,3.18372
-1.03233,3.20086
-0.996774,3.24592
-1.01073,3.21763
-1.00202,3.16221
-1.01606,2.94616
-0.987485,3.24399
-0.951085,3.10642
-0.994848,3.21477
-1.03233,3.20086
-0.996298,3.20068
-1.04799,3.19985
-0.996774,3.24592
-0.967302,3.20327
-0.885545,3.35659
-1.15169,3.17297
-1.01073,3.21763
-1.01073,3.21763
-1.12584,3.06574
-0.967302,3.20327
-0.996298,3.20068
-0.976052,3.27302
-1.0395,3.21309
-0.996298,3.20068
-1.0544,3.20335
-1.01352,3.1383
-0.994848,3.21477
-0.835805,3.097
-1.05103,3.18995
-0.996298,3.20068
-1.00731,3.24221
-1.01073,3.21763
-0.996298,3.20068
-0.960956,3.04278
-0.996298,3.20068
-0.983971,3.14804
-1.00831,3.27839
-1.01073,3.21763
-0.813563,3.05103
-0.996298,3.20068
-1.06283,3.32742
-0.994848,3.21477
-1.03698,3.2935
-0.994848,3.21477
-1.09751,3.20023
-1.04151,3.18372
-0.99948,3.21981
-1.00288,3.12538
-0.987485,3.24399
-1.06539,3.19114
-1.06915,3.26646
-0.994848,3.21477
-0.967302,3.20327
-1.0152,3.17769
-0.996298,3.20068
-0.967302,3.20327
-0.967302,3.20327
-0.996298,3.20068
-1.01073,3.21763
-0.996298,3.20068
-0.996298,3.20068
-1.02578,3.2608
-0.951285,3.1814
-1.02678,3.18021
-0.946959,3.20993
-1.00202,3.16221
-1.13097,3.33574
-1.03653,3.21379
-1.01073,3.21763
-1.03653,3.21379
-1.02678,3.18021
-0.996298,3.20068
-1.00551,3.30985
-1.01203,3.20369
-0.908037,3.18594
-0.950362,3.24879
-1.01073,3.21763
-0.996298,3.20068
-0.98745,3.16356
-0.900665,3.07652
-1.29644,3.20605
-1.04799,3.19985
-1.03508,3.23061
-0.996298,3.20068
-0.951285,3.1814
-0.992643,3.1883
-1.0544,3.20335
-0.847984,2.87238
-1.01073,3.21763
-1.00028,3.05748
-1.11428,3.26054
-0.996774,3.24592
-1.12946,3.22054
-0.955647,3.05986
-1.12584,3.06574
-1.14341,3.3288
-0.99948,3.21981
-0.992643,3.1883
-0.987485,3.24399
-0.996298,3.20068
-1.00731,3.24221
-1.00657,3.17156
-1.02694,3.27327
-0.983739,3.08774
-1.11414,2.97801
-1.01073,3.21763
-1.0152,3.17769
-0.992643,3.1883
-0.996298,3.20068
-0.967302,3.20327
-0.994848,3.21477
-0.987485,3.24399
-1.05103,3.18995
-1.02102,3.37227
-1.04151,3.18372
-0.924267,3.22991
-0.992643,3.1883
-0.996298,3.20068
-0.960982,3.20515
-1.10125,3.16901
-1.06283,3.32742
-1.01203,3.20369
-0.977847,3.22285
-0.908037,3.18594
-1.01073,3.21763
-0.967263,2.90772
-0.996298,3.20068
-0.877519,3.19712
-0.987485,3.24399
-0.992643,3.1883
-1.0544,3.20335
-0.996298,3.20068
-0.976052,3.27302
-0.996298,3.20068
-0.846009,3.13706
-0.955647,3.05986
-1.03233,3.20086
-1.01073,3.21763
-1.01073,3.21763
-1.10317,3.34686
-0.992643,3.1883
-1.01073,3.21763
-1.05103,3.18995
-1.05227,2.94757
-0.992643,3.1883
-1.01638,3.11134
-0.835893,3.11979
-0.996298,3.20068
-1.01073,3.21763
-1.01073,3.21763
-1.02678,3.18021
-1.01073,3.21763
-0.996774,3.24592
-1.01073,3.21763
-0.996298,3.20068
-1.02694,3.27327
-1.04151,3.18372
-0.987485,3.24399
-0.977847,3.22285
-1.03233,3.20086
-0.996298,3.20068
-0.996298,3.20068
-1.21319,3.06597
-1.0152,3.17769
-1.03233,3.20086
-1.06283,3.32742
-1.01073,3.21763
-1.03653,3.21379
-0.996298,3.20068
-0.994848,3.21477
-0.976052,3.27302
-0.996774,3.24592
-1.03642,3.23431
-1.03698,3.2935
-1.01073,3.21763
-1.10125,3.16901
-0.976052,3.27302
-0.992643,3.1883
-0.996298,3.20068
-1.17259,3.01415
-0.994848,3.21477
-1.01073,3.21763
-0.933559,3.0372
-1.06539,3.19114
-0.983971,3.14804
-0.987485,3.24399
-0.960982,3.20515
-1.03016,3.27157
-0.986489,3.10614
-1.04151,3.18372
-1.03653,3.21379
-0.996298,3.20068
-1.01073,3.21763
-0.960982,3.20515
-1.03645,3.17257
-0.99948,3.21981
-0.996298,3.20068
-0.996298,3.20068
-1.04614,3.24688
-1.01998,3.24971
-1.00551,3.30985
-0.946959,3.20993
-1.05844,3.29822
-1.02247,3.15936
-0.984995,3.06854
-0.994848,3.21477
-0.996298,3.20068
-0.994848,3.21477
-1.01073,3.21763
-0.994848,3.21477
-1.01073,3.21763
-0.996298,3.20068
-1.03653,3.21379
-0.974666,3.0215
-0.976052,3.27302
-1.03016,3.27157
-0.976052,3.27302
-0.996298,3.20068
-1.00657,3.17156
-0.983971,3.14804
-1.01073,3.21763
-1.07932,3.1982
-1.07687,3.50048
-0.99948,3.21981
-1.0544,3.20335
-0.996298,3.20068
-0.996298,3.20068
-1.01073,3.21763
-1.01203,3.20369
-0.992345,3.04644
-0.908037,3.18594
-1.01107,3.02462
-0.992643,3.1883
-0.996298,3.20068
-1.01073,3.21763
-0.996298,3.20068
-0.992643,3.1883
-1.03508,3.23061
-1.03233,3.20086
-1.01073,3.21763
-1.07482,3.02207
-0.996298,3.20068
-1.06539,3.19114
-1.00731,3.24221
-1.07812,3.1765
-1.04151,3.18372
-0.996298,3.20068
-0.908037,3.18594
-1.01073,3.21763
-1.13949,3.33693
-0.960982,3.20515
-1.02578,3.2608
-1.01203,3.20369
-1.03508,3.23061
-0.992643,3.1883
-0.994848,3.21477
-0.977847,3.22285
-1.03233,3.20086
-0.994848,3.21477
-0.996298,3.20068
-0.996298,3.20068
-1.03615,2.87652
-1.01073,3.21763
-1.15205,3.40022
-1.07417,3.15426
-0.996298,3.20068
-0.926952,3.12757
-0.992643,3.1883
-1.03653,3.21379
-1.03508,3.23061
-1.01073,3.21763
-0.992643,3.1883
-1.09488,3.12042
-1.01352,3.1383
-1.01878,3.09696
-1.02049,3.35339
-1.03016,3.27157
-1.0544,3.20335
-1.075,3.20517
-0.946959,3.20993
-1.01073,3.21763
-1.01073,3.21763
-0.976052,3.27302
-1.04799,3.19985
-1.01073,3.21763
-0.996298,3.20068
-0.996298,3.20068
-1.10369,3.30034
-0.977847,3.22285
-1.19459,3.53575
-0.967302,3.20327
-1.01073,3.21763
-0.992643,3.1883
-0.996298,3.20068
-0.996298,3.20068
-0.938417,3.15719
-1.0152,3.17769
-0.996298,3.20068
-1.03233,3.20086
-1.04799,3.19985
-0.967302,3.20327
-1.03233,3.20086
-1.0386,3.10703
-1.01221,3.06047
-1.01073,3.21763
-0.996774,3.24592
-0.958802,2.8878
-0.996298,3.20068
-0.996298,3.20068
-0.908037,3.18594
-1.06539,3.19114
-1.1736,3.2153
-0.932435,3.17899
-1.01073,3.21763
-1.07417,3.15426
-0.984995,3.06854
-0.98745,3.16356
-0.967302,3.20327
-1.03233,3.20086
-0.992643,3.1883
-1.02578,3.2608
-1.02049,3.35339
-0.976052,3.27302
-0.926952,3.12757
-1.04151,3.18372
-1.13827,3.4845
-0.996774,3.24592
-0.991776,3.31036
-0.945026,3.07323
-1.00731,3.24221
-1.03016,3.27157
-0.996298,3.20068
-1.0152,3.17769
-1.00731,3.24221
-0.987485,3.24399
-1.06991,3.08606
-0.983739,3.08774
-0.946959,3.20993
-1.05929,3.13516
-0.908037,3.18594
-0.983971,3.14804
-0.946959,3.20993
-1.01073,3.21763
-0.846009,3.13706
-0.997914,3.05303
-0.996298,3.20068
-1.03642,3.23431
-0.950362,3.24879
-1.01073,3.21763
-0.996298,3.20068
-1.0152,3.17769
-0.996298,3.20068
-0.996298,3.20068
-0.960982,3.20515
-0.91644,3.10975
-1.02678,3.18021
-0.994848,3.21477
-1.11139,3.04759
-0.967302,3.20327
-0.996298,3.20068
-0.994848,3.21477
-0.996298,3.20068
-0.979155,3.15565
-1.01073,3.21763
-1.10058,3.23785
-1.02578,3.2608
-1.04799,3.19985
-1.05103,3.18995
-1.02622,3.06619
-1.07417,3.15426
-0.846009,3.13706
-1.01073,3.21763
-0.987485,3.24399
-1.00831,3.27839
-0.983971,3.14804
-0.996298,3.20068
-1.04716,3.37126
-1.08126,3.2359
-1.06539,3.19114
-0.992643,3.1883
-1.01073,3.21763
-1.09751,3.20023
-0.99948,3.21981
-1.01203,3.20369
-1.02578,3.2608
-0.996298,3.20068
-0.996298,3.20068
-0.946959,3.20993
-0.996298,3.20068
-0.945026,3.07323
-0.932435,3.17899
-1.05281,3.036
-1.08351,3.09911
-0.946959,3.20993
-0.992643,3.1883
-0.996774,3.24592
-1.00731,3.24221
-0.98865,3.31014
-0.996298,3.20068
-1.02578,3.2608
-1.01073,3.21763
-0.946959,3.20993
-1.00831,3.27839
-0.996298,3.20068
-0.908037,3.18594
-1.01203,3.20369
-1.01203,3.20369
-1.01216,3.37502
-1.00551,3.30985
-0.996298,3.20068
-0.951285,3.1814
-0.994848,3.21477
-0.924267,3.22991
-0.996298,3.20068
-0.951285,3.1814
-1.01073,3.21763
-0.992643,3.1883
-1.02694,3.27327
-1.0395,3.21309
-0.994848,3.21477
-0.996298,3.20068
-1.16469,2.9007
-0.99948,3.21981
-1.08758,3.20475
-1.37603,3.39247
-1.01203,3.20369
-0.996298,3.20068
-0.992643,3.1883
-0.979155,3.15565
-0.987485,3.24399
-1.03508,3.23061
-1.04151,3.18372
-0.908037,3.18594
-0.996774,3.24592
-1.01073,3.21763
-0.994848,3.21477
-0.995143,3.31713
-0.967302,3.20327
-0.992643,3.1883
-0.977847,3.22285
-0.983971,3.14804
-0.996298,3.20068
-0.987485,3.24399
-0.900665,3.07652
-1.16915,3.24504
-0.977847,3.22285
-0.908037,3.18594
-0.970958,3.05704
-1.01998,3.24971
-0.946959,3.20993
-1.03698,3.2935
-0.996298,3.20068
-0.996298,3.20068
-1.14224,3.14613
-1.01073,3.21763
-1.02678,3.18021
-1.0395,3.21309
-0.998198,2.90143
-1.00731,3.24221
-0.994848,3.21477
-0.976052,3.27302
-0.883895,2.93869
-0.996298,3.20068
-1.01073,3.21763
-1.12946,3.22054
-0.994848,3.21477
-1.03653,3.21379
-0.996298,3.20068
-0.996298,3.20068
-0.994848,3.21477
-0.960956,3.04278
-1.11509,3.20582
-0.996298,3.20068
-0.996298,3.20068
-1.01073,3.21763
-1.0152,3.17769
-1.07441,3.28636
-1.01073,3.21763
-0.996298,3.20068
-0.994848,3.21477
-1.16367,3.42978
-1.00657,3.17156
-0.976052,3.27302
-1.02578,3.2608
-1.14224,3.14613
-0.994848,3.21477
-0.994848,3.21477
-0.996298,3.20068
-0.917908,3.34001
-1.06539,3.19114
-1.01073,3.21763
-0.996298,3.20068
-0.996298,3.20068
-0.996774,3.24592
-0.951285,3.1814
-1.11428,3.26054
-0.951285,3.1814
-0.946959,3.20993
-1.03508,3.23061
-1.01073,3.21763
-1.05103,3.18995
-0.99948,3.21981
-1.01221,3.06047
-1.00731,3.24221
-1.01073,3.21763
-0.996298,3.20068
-0.996298,3.20068
-0.996774,3.24592
-0.951085,3.10642
-1.01203,3.20369
-0.992643,3.1883
-0.951085,3.10642
-0.996298,3.20068
-0.946959,3.20993
-0.983971,3.14804
-1.06539,3.19114
-1.00657,3.17156
-0.979155,3.15565
-1.04574,3.33812
-0.987485,3.24399
-1.0386,3.10703
-1.20962,3.27293
-0.977847,3.22285
-1.01073,3.21763
-1.08351,3.09911
-0.960982,3.20515
-1.00831,3.27839
-0.996774,3.24592
-1.03508,3.23061
-0.976052,3.27302
-0.996298,3.20068
-1.00657,3.17156
-1.07417,3.15426
-1.01073,3.21763
-1.01073,3.21763
-0.996774,3.24592
-1.06474,3.2872
-0.996298,3.20068
-1.03233,3.20086
-1.1313,3.20518
-0.992643,3.1883
-0.987485,3.24399
-1.08126,3.2359
-1.00551,3.30985
-1.03653,3.21379
-0.977847,3.22285
-0.996298,3.20068
-0.99948,3.21981
-1.01073,3.21763
-0.994848,3.21477
-0.960982,3.20515
-0.994025,2.90095
-0.967302,3.20327
-0.996298,3.20068
-0.835893,3.11979
-0.950362,3.24879
-1.1782,3.22703
-0.967302,3.20327
-0.991247,2.97335
-0.924267,3.22991
-0.996298,3.20068
-1.01073,3.21763
-1.03233,3.20086
-0.926952,3.12757
-0.996298,3.20068
-0.996298,3.20068
-0.996298,3.20068
-1.02678,3.18021
-0.996298,3.20068
-0.967302,3.20327
-0.994848,3.21477
-0.950362,3.24879
-0.996298,3.20068
-0.877519,3.19712
-1.03495,2.93873
-1.04151,3.18372
-0.996298,3.20068
-0.996298,3.20068
-1.01878,3.09696
-0.994848,3.21477
-1.01073,3.21763
-1.09751,3.20023
-1.05222,3.22851
-0.979155,3.15565
-0.864394,3.14027
-0.996298,3.20068
-1.0395,3.21309
-1.09751,3.20023
-1.01073,3.21763
-1.01073,3.21763
-0.996298,3.20068
-1.14341,3.3288
-0.996298,3.20068
-0.946959,3.20993
-1.009,3.21679
-0.992345,3.04644
-0.987485,3.24399
-0.996774,3.24592
-1.03698,3.2935
-1.01638,3.11134
-0.992643,3.1883
-0.921565,3.10979
-1.01073,3.21763
-1.00831,3.27839
-0.908037,3.18594
-1.06539,3.19114
-1.04151,3.18372
-1.07724,3.38686
-1.01073,3.21763
-0.946959,3.20993
-0.996298,3.20068
-0.992643,3.1883
-0.996298,3.20068
-0.994848,3.21477
-1.04381,3.18698
-1.06539,3.19114
-0.992643,3.1883
-0.992643,3.1883
-1.06539,3.19114
-1.009,3.21679
-0.992643,3.1883
-0.908037,3.18594
-0.983739,3.08774
-1.05695,3.17007
-1.00731,3.24221
-1.00731,3.24221
-1.13701,3.11728
-0.951085,3.10642
-0.996774,3.24592
-1.07417,3.15426
-0.996298,3.20068
-1.12997,3.29575
-0.960982,3.20515
-0.987485,3.24399
-1.02678,3.18021
-1.03016,3.27157
-1.11428,3.26054
-0.996298,3.20068
-1.01073,3.21763
-0.994848,3.21477
-1.05568,3.18719
-1.13827,3.4845
-0.992643,3.1883
-0.996298,3.20068
-0.926952,3.12757
-1.01638,3.11134
-1.00831,3.27839
-1.00731,3.24221
-0.98745,3.16356
-1.01073,3.21763
-1.04799,3.19985
-0.986489,3.10614
-1.03016,3.27157
-0.979155,3.15565
-0.91644,3.10975
-1.0152,3.17769
-1.14915,2.97583
-0.987485,3.24399
-1.09143,3.30635
-0.951285,3.1814
-0.986489,3.10614
-1.00657,3.17156
-1.00551,3.30985
-0.976052,3.27302
-1.00731,3.24221
-1.01073,3.21763
-1.04151,3.18372
-1.14224,3.14613
-1.05149,3.1438
-0.97544,3.21856
-0.98865,3.31014
-0.996298,3.20068
-1.18155,3.33309
-1.10058,3.23785
-1.00657,3.17156
-1.04799,3.19985
-1.04151,3.18372
-0.980848,2.99247
-1.01073,3.21763
-0.967302,3.20327
-0.992643,3.1883
-0.992643,3.1883
-1.06539,3.19114
-1.00731,3.24221
-0.996298,3.20068
-1.01073,3.21763
-1.04151,3.18372
-0.987485,3.24399
-1.04388,3.08716
-0.996298,3.20068
-0.996298,3.20068
-0.994848,3.21477
-1.01073,3.21763
-0.996469,3.13127
-0.996298,3.20068
-0.994848,3.21477
-0.994848,3.21477
-1.01073,3.21763
-1.02102,3.37227
-0.847984,2.87238
-1.01073,3.21763
-1.06456,3.29041
-0.992643,3.1883
-0.951285,3.1814
-1.01073,3.21763
-0.910098,3.43773
-1.01073,3.21763
-1.02678,3.18021
-0.994848,3.21477
-0.976052,3.27302
-1.05103,3.18995
-1.09055,3.19898
-1.09055,3.19898
-0.996298,3.20068
-0.977847,3.22285
-1.29644,3.20605
-1.11428,3.26054
-0.960956,3.04278
-0.946959,3.20993
-0.996298,3.20068
-1.02678,3.18021
-0.967302,3.20327
-0.950362,3.24879
-0.99948,3.21981
-1.06539,3.19114
-0.996298,3.20068
-0.956569,2.9659
-1.01073,3.21763
-0.839965,3.01656
-1.01073,3.21763
-0.877519,3.19712
-1.01203,3.20369
-1.01073,3.21763
-0.91644,3.10975
-1.14341,3.3288
-0.97544,3.21856
-1.0152,3.17769
-0.983739,3.08774
-1.01073,3.21763
-0.996298,3.20068
-1.009,3.21679
-1.01073,3.21763
-0.97544,3.21856
-1.01203,3.20369
-0.967302,3.20327
-0.986948,2.95045
-1.01073,3.21763
-0.97544,3.21856
-1.1978,3.03281
-0.996298,3.20068
-0.994848,3.21477
-0.862545,2.97439
-1.03233,3.20086
-0.962941,2.93108
-1.00252,3.35654
-1.01073,3.21763
-1.01073,3.21763
-0.926952,3.12757
-0.992643,3.1883
-1.01073,3.21763
-1.2549,3.15809
-0.979155,3.15565
-1.03233,3.20086
-1.10317,3.34686
-0.996298,3.20068
-1.00202,3.16221
-1.04505,3.07323
-0.996298,3.20068
-1.01073,3.21763
-0.996774,3.24592
-0.967302,3.20327
-1.02678,3.18021
-1.01073,3.21763
-1.01073,3.21763
-1.01073,3.21763
-0.996298,3.20068
-0.877519,3.19712
-1.09944,3.50129
-0.994848,3.21477
-1.00731,3.24221
-1.03016,3.27157
-1.03016,3.27157
-0.99948,3.21981
-1.03016,3.27157
-0.996298,3.20068
-0.977847,3.22285
-1.01073,3.21763
-0.992643,3.1883
-0.997914,3.05303
-0.996298,3.20068
-0.996298,3.20068
-0.946959,3.20993
-1.15169,3.17297
-0.996298,3.20068
-1.09055,3.19898
-1.02694,3.27327
-1.01073,3.21763
-0.996298,3.20068
-1.05222,3.22851
-1.05161,3.0559
-0.962837,3.03473
-0.983971,3.14804
-0.994848,3.21477
-1.05844,3.29822
-1.03233,3.20086
-1.15205,3.40022
-1.24519,2.91725
-1.07932,3.1982
-0.996298,3.20068
-0.992643,3.1883
-1.05568,3.18719
-1.03233,3.20086
-0.864394,3.14027
-0.992643,3.1883
-0.996298,3.20068
-0.994848,3.21477
-0.967302,3.20327
-1.10058,3.23785
-0.960982,3.20515
-0.934113,2.88881
-0.97544,3.21856
-0.91694,2.83098
-1.01067,2.97069
-1.00028,3.05748
-0.996298,3.20068
-0.984995,3.06854
-1.00831,3.27839
-0.974666,3.0215
-1.01073,3.21763
-0.994848,3.21477
-1.08992,3.57363
-1.00657,3.17156
-1.01107,3.02462
-0.992643,3.1883
-0.977847,3.22285
-0.965827,3.38844
-1.15169,3.17297
-0.996298,3.20068
-0.951285,3.1814
-0.921565,3.10979
-0.983971,3.14804
-0.979155,3.15565
-0.932435,3.17899
-0.99948,3.21981
-1.11509,3.20582
-0.996298,3.20068
-1.0544,3.20335
-1.05149,3.1438
-0.883895,2.93869
-0.813563,3.05103
-0.950362,3.24879
-0.910098,3.43773
-1.01073,3.21763
-0.996298,3.20068
-0.951285,3.1814
-1.00657,3.17156
-1.01073,3.21763
-1.02678,3.18021
-1.01073,3.21763
-1.00202,3.16221
-1.03233,3.20086
-1.03645,3.17257
-1.03653,3.21379
-1.05568,3.18719
-0.994848,3.21477
-0.974666,3.0215
-0.908037,3.18594
-0.996298,3.20068
-1.05222,3.22851
-0.926952,3.12757
-1.00895,3.02967
-1.03233,3.20086
-1.00731,3.24221
-1.05568,3.18719
-0.994848,3.21477
-0.967302,3.20327
-1.13827,3.4845
-1.01073,3.21763
-0.996298,3.20068
-0.960982,3.20515
-1.04505,3.07323
-0.951085,3.10642
-0.877519,3.19712
-1.03706,3.00907
-1.05844,3.29822
-0.992643,3.1883
-1.08482,3.03225
-0.994848,3.21477
-1.01073,3.21763
-1.00657,3.17156
-0.960982,3.20515
-0.967302,3.20327
-1.12946,3.22054
-1.1736,3.2153
-1.03016,3.27157
-1.02678,3.18021
-1.01073,3.21763
-1.02578,3.2608
-1.09826,3.49869
-0.977847,3.22285
-0.946959,3.20993
-1.03016,3.27157
-0.987485,3.24399
-1.00731,3.24221
-0.98865,3.31014
-0.976052,3.27302
-1.00657,3.17156
-0.996298,3.20068
-1.01073,3.21763
-1.06915,3.26646
-0.996298,3.20068
-1.01073,3.21763
-0.996298,3.20068
-1.11787,3.36756
-0.951085,3.10642
-0.950362,3.24879
-0.992643,3.1883
-1.01073,3.21763
-0.944229,2.9728
-1.08126,3.2359
-0.992643,3.1883
-1.01638,3.11134
-1.04799,3.19985
-0.946959,3.20993
-0.986489,3.10614
-1.01203,3.20369
-1.01073,3.21763
-0.996298,3.20068
-1.00731,3.24221
-1.17544,3.16041
-1.1978,3.03281
-0.868605,3.32907
-1.04381,3.18698
-1.01073,3.21763
-0.996298,3.20068
-0.908037,3.18594
-1.04151,3.18372
-0.994848,3.21477
-1.01073,3.21763
-1.17544,3.16041
-1.00731,3.24221
-1.01073,3.21763
-1.01073,3.21763
-1.02678,3.18021
-0.996298,3.20068
-1.01998,3.24971
-0.996298,3.20068
-0.98865,3.31014
-1.01073,3.21763
-1.00731,3.24221
-1.03233,3.20086
-1.01638,3.11134
-1.0152,3.17769
-0.996298,3.20068
-1.11509,3.20582
-0.996774,3.24592
-1.05568,3.18719
-0.893935,3.42782
-1.03706,3.00907
-0.951285,3.1814
-0.986489,3.10614
-0.967302,3.20327
-1.05149,3.1438
*
