635 140
634 140
633 140
632 140
631 140
630 140
629 140
628 140
627 140
626 140
625 140
624 140
623 140
622 140
621 140
620 140
619 140
618 140
617 140
616 140
615 140
614 140
613 140
612 140
611 140
610 140
609 140
608 140
607 140
606 141
605 141
604 141
603 141
602 142
601 143
600 144
599 145
598 146
597 147
596 148
595 149
594 150
593 151
592 152
591 153
590 154
589 155
588 156
587 157
586 158
585 159
584 160
583 161
582 162
581 163
580 164
579 165
578 166
577 167
576 168
575 169
574 170
573 171
572 172
571 173
570 174
569 175
568 176
567 177
566 178
565 179
564 180
563 181
562 182
561 183
560 184
559 185
558 186
557 187
556 188
555 189
554 190
553 191
552 191
551 191
550 191
549 191
548 191
547 191
546 191
545 191
544 191
543 191
542 191
541 191
540 191
539 191
538 191
537 191
536 191
535 191
534 191
533 191
532 191
531 191
530 191
529 191
528 191
527 191
526 191
525 191
524 191
523 191
522 191
521 191
520 191
519 191
518 191
517 191
516 191
515 191
514 191
513 191
512 191
511 191
510 191
509 191
508 191
507 191
506 191
505 191
504 191
503 191
502 191
501 191
500 191
499 191
498 191
497 191
496 191
495 191
494 191
493 191
492 191
491 191
490 191
489 191
488 191
487 191
486 191
485 191
484 191
483 191
482 191
481 191
480 191
479 191
478 191
477 191
476 191
475 191
474 191
473 191
472 191
471 191
470 191
469 191
468 191
467 191
466 191
465 191
464 191
463 191
462 191
461 191
460 191
459 191
458 191
457 191
456 191
455 191
454 191
453 191
452 191
451 191
450 191
449 191
448 191
447 191
446 191
445 191
444 191
443 191
442 191
441 191
440 191
439 191
438 191
437 191
436 191
435 191
434 191
433 191
432 191
431 191
430 191
429 191
428 191
427 191
426 191
425 191
424 191
423 191
422 191
421 191
420 191
419 191
418 191
417 191
416 191
415 191
414 191
413 191
412 191
411 191
410 191
409 191
408 191
407 192
406 193
405 194
404 195
403 196
402 197
401 198
400 199
399 200
398 201
397 202
396 203
395 204
394 205
393 206
392 207
391 208
390 209
389 209
388 209
387 209
386 209
385 209
384 209
383 209
382 209
381 209
380 209
379 209
378 209
377 209
376 209
375 209
374 209
373 209
372 209
371 209
370 209
369 209
368 209
367 209
366 209
365 209
364 209
363 209
362 209
361 209
360 209
359 209
358 209
357 209
356 209
355 209
354 209
353 209
352 209
351 209
350 209
349 209
348 209
347 209
346 209
345 209
344 209
343 209
342 209
341 209
340 209
339 209
338 209
337 209
336 209
335 209
334 209
333 209
332 209
331 209
330 209
329 209
328 209
327 209
326 209
325 209
324 209
323 209
322 209
321 209
320 209
319 209
318 209
317 209
316 209
315 209
314 209
313 209
312 209
311 209
310 209
309 209
308 209
307 209
306 209
305 209
304 209
303 209
302 210
302 211
301 212
301 213
301 214
301 215
300 216
300 217
300 218
300 219
300 220
300 221
299 222
299 223
299 224
299 225
299 226
299 227
299 228
299 229
298 230
297 231
296 232
295 233
294 234
293 235
292 236
291 237
290 238
289 239
288 240
287 241
286 242
285 243
284 244
283 245
282 246
281 247
280 248
279 249
278 250
277 251
276 252
275 253
274 254
273 255
272 256
271 257
270 258
269 259
268 260
267 261
266 262
265 263
264 264
263 265
262 266
261 267
260 268
259 269
258 270
257 271
256 272
255 273
254 274
253 275
252 276
251 277
250 278
249 279
248 280
247 281
246 282
245 283
244 284
243 285
242 286
241 287
240 288
239 289
238 290
238 291
238 292
238 293
238 294
238 295
238 296
238 297
238 298
238 299
238 300
238 301
238 302
238 303
238 304
238 305
238 306
238 307
238 308
238 309
238 310
238 311
238 312
237 313
236 314
235 315
235 316
235 317
235 318
235 319
235 320
235 321
235 322
235 323
235 324
235 325
235 326
235 327
235 328
235 329
235 330
235 331
235 332
234 333
234 334
234 335
234 336
234 337
234 338
234 339
234 340
234 341
234 342
234 343
234 344
234 345
234 346
234 347
234 348
234 349
234 350
234 351
234 352
234 353
234 354
234 355
234 356
234 357
234 358
234 359
234 360
234 361
234 362
234 363
234 364
234 365
234 366
234 367
234 368
234 369
234 370
234 371
234 372
234 373
234 374
234 375
234 376
234 377
234 378
234 379
234 380
234 381
234 382
234 383
234 384
234 385
234 386
234 387
234 388
234 389
234 390
233 391
232 392
231 393
230 394
230 395
229 396
229 397
229 398
229 399
229 400
229 401
229 402
229 403
229 404
229 405
229 406
228 407
228 408
228 409
228 410
227 411
227 412
227 413
227 414
227 415
226 416
226 417
226 418
226 419
226 420
226 421
225 422
225 423
225 424
225 425
224 426
224 427
224 428
224 429
224 430
223 431
223 432
223 433
223 434
223 435
223 436
223 437
222 438
222 439
222 440
222 441
222 442
222 443
222 444
222 445
221 446
221 447
221 448
221 449
221 450
221 451
221 452
221 453
221 454
221 455
222 456
223 456
224 456
225 456
226 456
227 456
228 456
229 456
230 456
231 456
232 456
233 456
234 456
235 456
236 456
237 456
238 456
239 456
240 456
241 456
242 456
243 456
244 456
245 456
246 456
247 456
248 456
249 456
250 456
251 456
252 456
253 456
254 456
255 456
256 456
257 456
258 456
259 456
260 456
261 456
262 456
263 456
264 456
265 456
266 456
267 456
268 456
269 456
270 456
271 456
272 456
273 456
274 456
275 456
276 456
277 456
278 456
279 456
280 456
281 456
282 456
283 456
284 456
285 456
286 456
287 456
288 456
289 456
290 456
291 456
292 456
293 456
294 456
295 456
296 455
297 454
298 453
299 452
300 451
301 450
302 449
303 448
304 448
305 448
306 448
307 448
308 448
309 448
310 448
311 448
312 448
313 448
314 448
315 447
316 447
317 447
318 447
319 447
320 447
321 446
321 445
322 444
323 443
324 442
325 441
326 440
327 439
328 438
329 437
330 436
331 435
332 434
333 433
334 432
335 431
336 430
337 429
337 428
338 427
338 426
339 425
339 424
340 423
340 422
340 421
341 420
341 419
342 418
342 417
343 416
343 415
344 414
344 413
345 412
345 411
345 410
346 409
346 408
347 407
347 406
348 405
348 404
349 403
349 402
349 401
350 400
